,DAU,DET,Variable,Mean,Min,Max,std,dau_det
0,1,1,a,0.005132583333333333,0.004837,0.005403,0.00017236085736476004,1_1
1,1,1,b,8.139441666666668,7.6125,8.8107,0.34746301950602243,1_1
2,1,1,c,63.34699583333333,46.42447,81.1916,10.448827158262533,1_1
3,1,2,a,-0.0017779166666666666,-0.002947,-0.000229,0.0009582639092113246,1_2
4,1,2,b,20.42515,17.6651,22.5223,1.7251527471238866,1_2
5,1,2,c,0.4803575833333335,-9.56088,16.5279,7.399432033321519,1_2
6,1,3,a,0.0030840000000000004,0.002494,0.0038,0.0003962643745600335,1_3
7,1,3,b,10.158619166666666,8.5685,11.4011,0.8527640440724965,1_3
8,1,3,c,36.79345,26.4196,48.8509,5.548725459959251,1_3
9,2,1,a,0.0068211666666666655,0.0061,0.007473,0.0004380520586192992,2_1
10,2,1,b,6.045116666666668,4.721,7.4788,0.9248498687338229,2_1
11,2,1,c,100.1794625,69.69201,128.4756,18.734146233249703,2_1
12,2,2,a,0.00437125,0.003774,0.005332,0.0004950023186355246,2_2
13,2,2,b,11.388643333333333,9.52632,12.5003,0.9446009256374629,2_2
14,2,2,c,39.03376666666667,28.982,65.2448,9.82694778845241,2_2
15,2,3,a,0.004980083333333334,0.00417,0.006511,0.0006773897036463284,2_3
16,2,3,b,9.355935833333334,6.86342,10.8737,1.217880900397813,2_3
17,2,3,c,61.378885000000004,35.8381,216.209,49.602145356839614,2_3
18,3,1,a,-0.0026386666666666663,-0.004424,-0.000906,0.0010614226587962311,3_1
19,3,1,b,23.044858333333334,20.2567,26.027,1.7608864515859017,3_1
20,3,1,c,-3.3443375,-15.02838,9.738019,7.811183875515501,3_1
21,3,2,a,-0.0051298333333333335,-0.006932,-0.003175,0.0011552241681976182,3_2
22,3,2,b,27.508899999999997,24.3193,30.4484,1.8876633511494383,3_2
23,3,2,c,-21.812024250000004,-33.44253,-9.780371,7.284286602994297,3_2
24,3,3,a,-0.0032338333333333334,-0.005055,-0.00139,0.0011101898145103044,3_3
25,3,3,b,24.070916666666673,20.9825,27.1059,1.8645963364435711,3_3
26,3,3,c,-2.7658314166666673,-11.99627,11.94873,6.905762200925892,3_3
27,4,1,a,0.003131333333333333,0.001927,0.003913,0.0006483717134390417,4_1
28,4,1,b,11.923783333333333,10.3796,14.2272,1.2674478722171887,4_1
29,4,1,c,43.83430666666666,24.04408,58.76839,10.974132707278125,4_1
30,4,2,a,0.0030194999999999996,0.001036,0.004329,0.0009708887680882913,4_2
31,4,2,b,13.690674999999999,11.1052,17.4757,1.9256207198176152,4_2
32,4,2,c,2.691904749999999,-77.95923,24.60563,31.266030428467772,4_2
33,4,3,a,0.0024915,0.001751,0.003057,0.00040035132298792494,4_3
34,4,3,b,12.401166666666663,11.1966,13.8361,0.8052180487672927,4_3
35,4,3,c,18.929150833333335,4.86591,32.8233,7.293166459246701,4_3
