|name        |t90     |flnc_band_epeak|flnc_band_alpha|flnc_band_beta|
|GRB120403857|   4.288|   1.928073e+02|  -9.469590e-01| -3.722981e+00|
|GRB120227725|  17.408|   1.288301e+02|  -8.071501e-01| -2.556083e+00|
|GRB141205018|  13.056|   2.261430e+02|  -3.056635e-01| -8.371213e+00|
|GRB180630467|  12.032|   5.801395e+01|  -1.077285e+00| -2.338689e+00|
|GRB170116238|   9.216|   1.849115e+02|  -1.313029e+00| -1.060694e+01|
|GRB091026550|   8.960|   5.374086e+02|  -1.349118e+00| -2.216305e+00|
|GRB150312403|   0.320|   3.043298e+02|  -4.893708e-01| -2.328306e+01|
|GRB110520302|  12.288|   3.000164e+02|  -8.883432e-01| -1.321839e+01|
|GRB121216419|   9.216|   4.221363e+02|  -1.117029e+00| -2.621230e+00|
|GRB200107810|  81.154|               |               |              |
|GRB101227195|  95.488|   2.335599e+02|  -1.024361e+00| -1.032221e+01|
|GRB220430900|  30.464|               |               |              |
|GRB200607921|  26.625|               |               |              |
|GRB160326062|  19.456|   8.567922e+01|  -1.018042e+00| -1.872737e+00|
|GRB220413167|   0.512|               |               |              |
|GRB210411564|  47.873|               |               |              |
|GRB101116481|   0.576|   4.697846e+02|  -1.570189e-01| -7.646423e+00|
|GRB220921473|  44.288|               |               |              |
|GRB170130697|  29.184|   1.887626e+02|  -1.249942e+00| -1.884548e+00|
|GRB190304818|   2.880|               |               |              |
|GRB110205027|   5.376|   2.265037e+02|   2.028974e+00| -2.425619e+00|
|GRB110825265|  48.128|   1.305495e+02|  -1.209682e+00| -6.406403e+00|
|GRB160919613|  62.465|   7.479258e+01|  -9.664568e-01| -3.493683e+00|
|GRB120830212|  16.064|   2.066716e+02|  -7.385905e-01| -2.908419e+00|
|GRB140323433| 111.426|   1.432164e+02|  -1.041237e+00| -5.704211e+00|
|GRB220415645|  23.040|               |               |              |
|GRB181007737|  23.552|               |               |              |
|GRB190825171|  12.032|               |               |              |
|GRB100325246|   8.192|   3.498019e+01|  -6.888088e-01| -2.467626e+00|
|GRB100507577|  44.033|   1.336812e+02|   4.626522e-01| -3.466067e+00|
|GRB200907957| 140.803|               |               |              |
|GRB080714425|  40.192|   3.365375e+01|  -2.216957e-01| -1.756066e+00|
|GRB171206122|  15.360|   6.299004e+02|  -1.292658e+00| -6.331875e+00|
|GRB140518709|   0.704|   1.829023e+02|   2.663325e+01| -1.975177e+00|
|GRB130623488|  22.272|   2.806861e+01|  -1.095303e+00| -2.362571e+00|
|GRB141004150|   9.472|   6.424924e+01|  -1.902409e-01| -2.703824e+00|
|GRB101024486|  20.224|   7.194263e+01|   1.399967e-01| -2.382963e+00|
|GRB200119692|  19.200|               |               |              |
|GRB210919653|   1.600|               |               |              |
|GRB210826293|  19.712|               |               |              |
|GRB190628521|  19.200|               |               |              |
|GRB190422284|  80.386|               |               |              |
|GRB110716018|   7.168|   8.781333e+01|  -6.814405e-01| -3.023016e+00|
|GRB220315101|   0.768|               |               |              |
|GRB110819665|  16.384|   4.608799e+01|   1.249307e+00| -2.112595e+00|
|GRB190731943|  15.872|               |               |              |
|GRB221203537|   3.520|               |               |              |
|GRB090810659| 125.182|   3.857966e+01|  -8.281847e-01| -2.364005e+00|
|GRB180622273|  13.568|   7.138252e+01|  -8.045208e-01| -4.810100e+00|
|GRB160406570|  66.560|   1.848762e+02|  -1.444950e+00| -9.662203e+00|
|GRB130804023|   0.960|   5.017846e+02|  -7.285247e-01| -2.947303e+00|
|GRB161020759|  24.320|   1.630590e+02|  -9.547097e-01| -2.257316e+00|
|GRB120114433|   2.752|   2.671290e+02|   2.075636e-01| -7.255091e+00|
|GRB170121067|   2.304|   1.512351e+03|  -7.288912e-01| -2.787320e+00|
|GRB170124874|  22.784|   1.167577e+02|  -7.399784e-01| -4.156924e+00|
|GRB190806675|  20.992|               |               |              |
|GRB210721978|   9.984|               |               |              |
|GRB180723133|   3.072|               |               |              |
|GRB180614327|   9.216|   5.080985e+02|  -1.126119e+00| -2.189161e+00|
|GRB141022087|   9.216|   4.706000e+02|  -8.036000e-01| -2.833000e+00|
|GRB100112418|  23.040|   1.122781e+03|  -1.481005e+00| -7.152557e+00|
|GRB121116459|   0.832|   3.746078e+02|   9.089018e-01| -9.822542e+00|
|GRB190327111|  36.864|               |               |              |
|GRB110212550|   0.064|   4.761722e+02|  -4.482385e-01| -3.612476e+00|
|GRB180906597|  52.030|               |               |              |
|GRB110911071|   8.960|               |               |              |
|GRB200908886|   6.144|               |               |              |
|GRB161012637|   6.400|   4.830930e+01|  -8.243949e-01| -1.791508e+00|
|GRB141221897|  32.513|   1.606135e+02|  -6.921365e-01| -3.132551e+00|
|GRB150602840|  10.496|   2.030598e+02|   5.951883e-03| -2.742613e+00|
|GRB091117080| 113.664|   7.817599e+01|  -1.021912e+00| -2.212521e+00|
|GRB200809654|  17.408|               |               |              |
|GRB181103046|  11.776|               |               |              |
|GRB110517453|   0.576|   7.692642e+01|   1.431132e+00| -1.411466e+00|
|GRB200629535|  28.160|               |               |              |
|GRB170304003|   0.160|   6.234780e+01|  -7.489867e-01| -2.311259e+00|
|GRB140712973|  28.160|   2.294797e+02|  -8.990670e-01| -2.595000e+00|
|GRB201227635|   0.112|               |               |              |
|GRB181022846|  13.824|               |               |              |
|GRB090304216|   2.816|   1.460851e+04|  -1.359793e+00| -3.705417e+00|
|GRB151026523|  63.232|   2.164275e+02|  -7.471755e-01| -7.629395e+00|
|GRB160625230|  43.265|   1.789996e+02|  -7.860487e-01| -1.725670e+00|
|GRB100604287|  13.440|   1.652342e+02|  -1.072809e+00| -2.186111e+00|
|GRB140213807|  18.624|   8.614947e+01|  -1.125799e+00| -2.252489e+00|
|GRB090922605|  52.736|   3.157634e+02|  -9.523361e-01| -1.860401e+00|
|GRB090513941|  11.776|   9.949977e+02|  -1.356128e+00| -1.192093e+01|
|GRB130425327|  62.209|   2.789901e+02|  -1.270222e+00| -7.858543e+00|
|GRB160325291|  42.945|   2.396573e+02|  -7.474475e-01| -2.320336e+00|
|GRB091102607|   6.656|   6.103553e+02|  -1.009122e+00| -1.750695e+00|
|GRB100926595|  32.256|   5.200337e+01|  -3.977390e-01| -2.020492e+00|
|GRB191112369|  50.432|               |               |              |
|GRB200616048|  23.297|               |               |              |
|GRB190921699|  22.272|               |               |              |
|GRB211219910|  73.729|               |               |              |
|GRB200803149| 118.274|               |               |              |
|GRB090120627|   1.856|   2.483486e+03|  -6.376111e-01| -1.161602e+01|
|GRB141022061|  11.520|   1.382681e+02|  -8.222713e-01| -1.192093e+01|
|GRB170113420|  49.152|   1.125081e+02|  -1.703981e+00| -2.046363e+01|
|GRB120827216|   5.056|   5.156775e+02|  -7.602259e-01| -2.238817e+00|
|GRB100517639|   5.440|   8.608310e+01|  -3.404391e-01| -1.770687e+01|
|GRB090802666|  27.520|   4.993767e+01|  -5.284542e-01| -2.065254e+00|
|GRB110618366| 163.843|   4.364673e+02|  -1.080016e+00| -2.127818e+00|
|GRB090516137| 110.594|   2.590915e+02|  -8.584126e-01| -2.070860e+00|
|GRB190906767|  23.040|               |               |              |
|GRB210501205|   8.192|               |               |              |
|GRB200117517|  28.416|               |               |              |
|GRB130320560| 340.992|   1.285410e+02|  -1.307841e+00| -2.643303e+00|
|GRB201104001|  52.480|               |               |              |
|GRB120711115|  44.033|   1.317518e+03|  -9.844215e-01| -2.796243e+00|
|GRB210603907|   7.936|               |               |              |
|GRB090927422|   0.512|   1.952236e+02|  -7.267829e-01| -9.536743e+00|
|GRB180801492|   7.424|               |               |              |
|GRB171212434|  32.001|   6.403893e+01|  -8.400794e-01| -2.230346e+00|
|GRB140616165|   0.512|               |               |              |
|GRB190507712|   0.096|               |               |              |
|GRB090606471|   8.064|   2.768213e+02|  -1.043536e+00| -7.338524e+00|
|GRB130505955|  50.241|   8.689952e+02|  -7.203459e-01| -3.461918e+00|
|GRB200120962|  12.800|               |               |              |
|GRB191111547| 158.212|               |               |              |
|GRB190814837|   9.984|               |               |              |
|GRB171020813|  19.200|   6.907344e+01|  -1.063568e+00| -2.814436e+00|
|GRB080717543|  36.608|   5.325081e+02|  -1.406158e+00| -2.021926e+00|
|GRB100429999|  25.024|   2.161082e+02|  -7.956460e-01| -2.325466e+00|
|GRB180630335|  48.896|   3.657000e+02|  -1.015022e+00| -1.868409e+00|
|GRB120107384|  23.040|   2.020189e+02|  -9.427786e-01| -2.399791e+00|
|GRB080905570|  26.624|   7.475285e+01|  -9.450022e-01| -2.698344e+00|
|GRB131204937|  29.952|   1.798132e+02|  -1.400977e-01| -2.059209e+00|
|GRB130327350|  31.233|   3.561315e+02|  -5.613060e-01| -1.048031e+01|
|GRB220730659|   0.160|               |               |              |
|GRB210727410|   1.088|               |               |              |
|GRB090725838|  13.760|   1.242924e+02|  -1.403905e+00| -9.922364e+00|
|GRB140322424|  10.496|   3.854314e+01|  -5.940437e-01| -2.789117e+00|
|GRB210520797|  56.065|               |               |              |
|GRB190828614|  19.968|               |               |              |
|GRB150902733|  13.568|   3.463027e+02|  -5.366204e-01| -2.250910e+00|
|GRB170625692|  22.784|   9.689835e+01|  -1.446692e+00| -9.682215e+00|
|GRB180804931|  18.432|               |               |              |
|GRB140110411|   0.768|               |               |              |
|GRB220610295|  17.664|               |               |              |
|GRB130218261|  37.121|   1.974223e+02|  -1.335935e+00| -1.960579e+00|
|GRB130420422|  27.328|   3.430990e+02|  -7.850576e-01| -2.432863e+00|
|GRB081226044|   0.832|   5.845919e+02|  -8.064137e-01| -1.862549e+01|
|GRB171024977|  35.072|   2.702735e+02|  -1.362207e+00| -2.108269e+01|
|GRB180804765|  21.504|               |               |              |
|GRB090411838|  21.501|   1.199402e+02|  -5.278348e-01| -1.688969e+00|
|GRB221021388|  68.353|               |               |              |
|GRB221201517|  28.929|               |               |              |
|GRB200924386|   2.816|               |               |              |
|GRB160716144|  28.928|   1.346466e+02|  -1.076884e+00| -8.434940e+00|
|GRB210126417|  61.441|               |               |              |
|GRB090719063|  11.392|   2.558756e+02|  -7.308776e-01| -3.053171e+00|
|GRB180906759|  13.309|               |               |              |
|GRB200223814|  65.281|               |               |              |
|GRB100605774|   8.192|   1.220556e+02|   4.111103e-01| -5.173023e+00|
|GRB110316139|   2.944|   1.982939e+03|  -9.986588e-01| -8.714062e+00|
|GRB191220589|  27.905|               |               |              |
|GRB090213236|  20.224|               |               |              |
|GRB190422670|  20.736|               |               |              |
|GRB081006604|   6.400|   4.618405e+02|  -2.196954e-01| -2.063542e+00|
|GRB090524346|  54.337|   9.533353e+01|  -9.864626e-01| -2.668753e+00|
|GRB150404733|   4.864|   8.516070e+01|  -8.258899e-01| -1.527519e+01|
|GRB100719311|   1.600|   1.189092e+03|  -8.065798e-01| -2.096406e+00|
|GRB090819607|   0.192|   4.120474e+02|  -7.185562e-02| -1.454315e+01|
|GRB180703876|  20.736|   3.507898e+02|  -7.756252e-01| -1.966854e+00|
|GRB131118958|  85.249|   3.259861e+02|  -8.206120e-01| -4.371963e+00|
|GRB170323775|  35.328|   1.124341e+02|  -4.345279e-01| -3.289078e+00|
|GRB181128751|  17.664|               |               |              |
|GRB181208188|  62.465|               |               |              |
|GRB200714774|  20.736|               |               |              |
|GRB210714331|  42.369|               |               |              |
|GRB111107035|  12.032|   2.138753e+02|  -1.251887e+00| -2.000000e+00|
|GRB190420981|   1.472|               |               |              |
|GRB151003729|  44.032|   4.337548e+03|  -1.587921e+00| -2.110636e+00|
|GRB210925056|   4.544|               |               |              |
|GRB210807955| 125.442|               |               |              |
|GRB200130417|  11.293|               |               |              |
|GRB221103285| 140.290|               |               |              |
|GRB090926181|  13.760|   3.338166e+02|  -8.480111e-01| -2.377665e+00|
|GRB220518717|   3.840|               |               |              |
|GRB150628767|   0.640|   4.210796e+02|  -7.691644e-02| -2.408373e+00|
|GRB220124074|  53.760|               |               |              |
|GRB191118925|  36.353|               |               |              |
|GRB200705674|  16.128|               |               |              |
|GRB120919816|  20.480|   6.508845e+01|  -3.264842e-01| -9.948210e+00|
|GRB180723757|  19.712|               |               |              |
|GRB200130248|  56.577|               |               |              |
|GRB101011707|  36.352|   8.690561e+02|  -7.831486e-01| -8.381249e+00|
|GRB200317028|   7.616|               |               |              |
|GRB210822273|  18.624|               |               |              |
|GRB210211363|  28.673|               |               |              |
|GRB090625560|  13.056|   1.370512e+02|  -7.090983e-01| -1.245975e+01|
|GRB160303971|  27.136|   1.864337e+02|  -1.319120e+00| -1.467321e+01|
|GRB120426090|   2.688|   1.246208e+02|  -7.188883e-01| -2.829946e+00|
|GRB130727698|  12.992|   1.176695e+02|  -1.098387e+00| -2.179419e+00|
|GRB101023951|  76.801|   1.484127e+02|  -1.045819e+00| -2.349216e+00|
|GRB170827818|   0.832|   3.350591e+02|  -8.529317e-01| -2.953212e+00|
|GRB161105417|  41.473|   2.253318e+02|  -1.200111e+00| -1.845372e+00|
|GRB201217108|  37.121|               |               |              |
|GRB170210116|  76.545|   5.225127e+02|  -1.155131e+00| -2.704719e+00|
|GRB210709201|  30.977|               |               |              |
|GRB090924625|   0.352|   6.156902e+02|  -5.175762e-01| -2.436385e+00|
|GRB090602564|  20.736|   7.288168e+02|  -6.960298e-01| -2.375694e+00|
|GRB180528371|  16.896|   1.755698e+02|   4.647918e-01| -1.866365e+00|
|GRB110411629|  23.552|   8.265450e+01|  -9.376859e-01| -2.349162e+00|
|GRB210317381|  46.337|               |               |              |
|GRB150826557|  33.024|   1.785529e+02|  -1.302583e+00| -1.876562e+01|
|GRB190903722|   0.272|               |               |              |
|GRB190804058|   4.224|               |               |              |
|GRB220826497|  16.640|               |               |              |
|GRB120921877|   5.632|   3.877733e+01|   6.464429e+00| -1.911515e+00|
|GRB170126480|  13.824|   1.500346e+02|  -7.210785e-01| -2.106371e+00|
|GRB090711850|  51.969|   1.609755e+02|  -7.671954e-01| -1.636560e+00|
|GRB180113418|  24.576|   2.613019e+02|  -6.083154e-01| -2.012856e+00|
|GRB091017985|  44.800|   7.145689e+01|  -2.853626e-02| -2.012404e+00|
|GRB081225257|  41.217|   3.509508e+02|  -1.196665e+00| -1.963276e+00|
|GRB101213849|   5.120|   8.006820e+01|  -1.230823e+00| -9.004622e+00|
|GRB211216282|  20.224|               |               |              |
|GRB220830319|  61.441|               |               |              |
|GRB150805445|  45.825|   1.198354e+02|  -6.181436e-01| -7.865576e+00|
|GRB181128129|   1.728|               |               |              |
|GRB190407575|  58.880|               |               |              |
|GRB200228291|   3.584|               |               |              |
|GRB140612294|  38.913|   1.297174e+02|  -2.350492e-01| -2.946560e+00|
|GRB151117442|  58.561|   1.440807e+02|  -1.251680e+00| -2.408390e+00|
|GRB150204272|  11.008|   5.703730e+01|  -8.196937e-01| -1.715998e+00|
|GRB110818860|  67.073|   1.847757e+02|  -1.053983e+00| -1.804653e+00|
|GRB170127067|   0.128|   8.309344e+02|   2.437668e-01| -3.901351e+00|
|GRB140508179|  19.456|   1.360125e+02|  -4.855735e-01| -2.804765e+00|
|GRB130523198|   5.376|   5.477004e+01|  -2.726542e-01| -4.342501e+00|
|GRB180727594|   0.896|               |               |              |
|GRB131105087| 112.642|   2.687265e+02|  -1.263348e+00| -9.127750e+00|
|GRB200205845|  17.408|               |               |              |
|GRB221206464|  15.872|               |               |              |
|GRB131030653|  53.248|   1.739861e+02|  -1.116863e+00| -4.141888e+00|
|GRB180602938|   0.008|   3.837670e+02|  -6.002896e-01| -3.182803e+00|
|GRB150403913|  22.272|   4.287387e+02|  -8.732561e-01| -2.108333e+00|
|GRB140422194| 361.472|   1.529784e+02|  -1.614509e+00| -1.306641e+01|
|GRB081204004|   7.424|   8.071008e+01|   4.050880e-01| -1.687811e+00|
|GRB080905705| 105.984|   1.825805e+02|  -8.522729e-01| -2.316035e+00|
|GRB141016897|  17.405|   1.557135e+02|  -9.799112e-01| -2.238750e+01|
|GRB090717034|  65.537|   1.041478e+02|  -8.860865e-01| -2.180770e+00|
|GRB121217313| 828.672|   1.096724e+02|  -8.883399e-01| -2.091209e+00|
|GRB110521478|   6.141|   3.991221e+01|  -6.048797e-01| -1.943288e+00|
|GRB191031780|  77.825|               |               |              |
|GRB111003465|  16.640|   1.899956e+02|  -9.759146e-01| -2.138136e+00|
|GRB200803703|  54.784|               |               |              |
|GRB180625941|   0.704|   5.821339e+02|  -1.807735e-01| -1.862645e+01|
|GRB170906485|  45.568|   4.797926e+01|  -1.358656e+00| -1.454356e+00|
|GRB110929187|   5.120|   1.848487e+02|  -5.056447e-01| -2.090028e+00|
|GRB171004857|   8.192|   1.248627e+02|  -6.149429e-01| -1.496777e+01|
|GRB160528276|   7.168|   1.304761e+02|  -8.560794e-01| -2.320319e+00|
|GRB150802127| 313.093|   1.690056e+02|  -6.306424e-01| -2.267696e+00|
|GRB130406288|   7.936|   8.393292e+01|  -6.293906e-01| -3.971826e+00|
|GRB170912273|  13.568|   3.339466e+01|  -3.607105e-01| -2.079737e+00|
|GRB141013803|  82.432|   9.543487e+00|  -1.160088e+00| -1.409148e+00|
|GRB170727841|  19.200|   1.204480e+02|  -4.537866e-01| -1.959232e+00|
|GRB220726405|  19.456|               |               |              |
|GRB210119121|   0.048|               |               |              |
|GRB170112970|   7.360|   5.476589e+02|  -1.247184e+00| -8.477497e+00|
|GRB190531840|  38.145|               |               |              |
|GRB150228981|  36.609|   1.659720e+02|  -1.131978e+00| -2.743794e+00|
|GRB150206285|  23.296|   1.937201e+02|  -7.216191e-01| -2.398227e+00|
|GRB151231443|  71.425|   1.965377e+02|  -9.103900e-01| -2.519441e+00|
|GRB171025913|   7.936|   3.167024e+02|  -6.733782e-01| -2.427315e+00|
|GRB180822562| 152.003|               |               |              |
|GRB211124104|   0.512|               |               |              |
|GRB140115863|  14.909|   3.705352e+02|  -1.122666e+00| -5.780604e+00|
|GRB201121130|  15.360|               |               |              |
|GRB120119229|  41.728|   1.111014e+03|  -8.538149e-01| -2.567102e+00|
|GRB080719529|  16.128|   4.401900e+01|   4.729949e-01| -1.747991e+00|
|GRB211107848|   8.384|               |               |              |
|GRB150201590|  25.600|               |               |              |
|GRB120304061|   9.984|   2.443589e+01|  -1.314556e+00| -2.262408e+00|
|GRB210621447|  15.616|               |               |              |
|GRB081006872|   3.328|   1.568047e+02|  -4.646360e-01| -3.916871e+00|
|GRB210105669|   5.120|               |               |              |
|GRB201104808|  40.448|               |               |              |
|GRB150514774|  10.813|   6.460679e+01|  -1.206043e+00| -2.431415e+00|
|GRB200630076|   7.168|               |               |              |
|GRB091231206|  42.561|   1.506935e+02|  -7.189794e-01| -2.626920e+00|
|GRB220304228|  31.489|               |               |              |
|GRB161106786|  12.544|   1.383931e+02|  -1.354849e+00| -9.771094e+00|
|GRB161110179|   1.792|   1.942684e+03|  -8.742635e-01| -1.892085e+00|
|GRB160424492|   6.592|   2.092049e+02|  -1.014612e+00| -1.023404e+01|
|GRB081121858|  41.985|   1.609417e+02|  -4.351371e-01| -2.095725e+00|
|GRB120511638|  45.249|   9.470032e+02|  -7.965500e-01| -1.704665e+00|
|GRB130730243|  27.904|   6.020445e+01|  -1.128339e+00| -3.528067e+00|
|GRB130304658|  23.296|   2.252617e+02|  -8.936836e-01| -1.284313e+01|
|GRB190422957| 213.252|               |               |              |
|GRB080723557|  58.369|   1.740816e+02|  -6.371412e-01| -2.100025e+00|
|GRB191205741|   2.048|               |               |              |
|GRB080714745|  59.649|   8.148514e+01|  -2.284326e-01| -1.950379e+00|
|GRB140716436| 168.253|   1.085989e+02|  -8.742977e-01| -2.246873e+00|
|GRB130701060|  20.224|   7.785436e+02|  -1.111080e+00| -6.408695e+00|
|GRB130617564|   0.768|   3.505897e+02|  -1.257714e-01| -4.789264e+00|
|GRB160912350|  32.705|   1.579710e+02|  -1.119351e+00| -2.202545e+00|
|GRB150827785|  10.496|   1.830957e+02|  -6.484649e-01| -2.303796e+00|
|GRB180505540|  21.760|   2.115300e+02|  -1.321797e+00| -2.949019e+00|
|GRB200901158|  10.176|               |               |              |
|GRB200617679|   1.216|               |               |              |
|GRB190119249|  34.304|               |               |              |
|GRB171112868| 302.789|   1.974696e+02|  -1.400410e+00| -3.031000e+00|
|GRB200126466|   0.768|               |               |              |
|GRB201012233|  64.001|               |               |              |
|GRB120909070| 112.066|   1.996489e+02|  -8.435762e-01| -1.934435e+00|
|GRB100225115|  12.992|   3.996639e+02|  -7.426869e-01| -2.647318e+00|
|GRB100916779|  12.800|   2.456647e+02|  -5.801449e-01| -2.918194e+00|
|GRB141031304|  19.456|   2.878908e+02|  -1.089352e+00| -1.837628e+00|
|GRB200219317|   1.152|               |               |              |
|GRB140528837|  13.568|   2.622627e+02|  -7.260461e-01| -3.401268e+00|
|GRB220905478|  12.544|               |               |              |
|GRB101208498|   2.048|   5.462038e+01|  -8.194172e-01| -2.034977e+00|
|GRB180412425|  20.992|   5.174349e+02|  -7.787961e-01| -9.195071e+00|
|GRB130816074|  36.864|   3.587224e+01|  -5.446872e-01| -2.074727e+00|
|GRB170627931|  17.152|   2.873114e+02|  -8.584073e-01| -2.168123e+00|
|GRB140929677|  37.120|   6.389505e+01|  -4.393609e-01| -7.976048e+00|
|GRB140710901|  11.520|   3.033110e+01|  -7.119969e-01| -2.178015e+00|
|GRB150306993|  18.944|   2.043109e+02|  -7.274412e-01| -3.204987e+00|
|GRB120210650|   1.344|   4.479947e+03|  -1.876760e+00| -2.150000e+00|
|GRB110207959|   7.680|   8.710454e+03|  -1.412839e+00| -5.043937e+00|
|GRB111015427|  92.737|   2.342252e+02|  -1.120735e+00| -1.310625e+01|
|GRB161020767|  22.078|   1.084535e+02|  -6.950870e-01| -2.127351e+00|
|GRB160422499|  12.288|   2.278019e+02|  -1.052659e+00| -2.292271e+00|
|GRB090117640|  15.552|   2.036650e+01|  -1.277526e+00| -2.426575e+00|
|GRB130206817|  91.585|   1.482286e+02|  -1.057605e+00| -1.776010e+00|
|GRB150301818|  13.312|   1.830128e+02|  -1.049045e+00| -2.221711e+00|
|GRB180620660|  46.721|   1.756301e+02|  -1.205761e+00| -1.660401e+00|
|GRB090510325|   7.424|   5.622234e+02|   1.602152e-01| -1.804177e+00|
|GRB150821406| 103.426|   2.812231e+02|  -1.243978e+00| -2.130837e+00|
|GRB140330180|  34.049|   1.594055e+02|  -1.671333e-01| -2.231394e+00|
|GRB200702892|  23.040|               |               |              |
|GRB201120442|   3.136|               |               |              |
|GRB091031500|  33.921|   4.563367e+02|  -8.619636e-01| -2.095137e+00|
|GRB180804554|  43.517|               |               |              |
|GRB081008832| 126.722|   1.669659e+02|  -1.011235e+00| -2.090436e+00|
|GRB120220210|  21.248|   8.349719e+01|   2.859844e-02| -2.208660e+00|
|GRB141222298|   2.752|   3.501699e+01|  -1.054385e+00| -1.602737e+00|
|GRB161001045|   2.240|   3.726089e+02|  -9.395230e-01| -4.362775e+00|
|GRB130127299|  19.456|   7.358239e+01|  -1.373032e-01| -2.805608e+00|
|GRB110319815|  31.232|   4.317447e+02|  -1.182579e+00| -3.428522e+00|
|GRB110801335|   0.384|   3.726411e+01|   1.467776e+00| -1.792128e+00|
|GRB170416583|  61.952|   1.005328e+02|  -1.281528e+00| -2.384219e+00|
|GRB150702998|  45.825|   1.126147e+03|  -9.823045e-01| -2.224805e+00|
|GRB080916406|  46.337|   1.057332e+02|  -7.807099e-01| -1.774458e+00|
|GRB131028096|  14.336|   7.833326e+01|  -4.742343e-01| -1.588201e+01|
|GRB210123305|  13.056|               |               |              |
|GRB190409901|   1.600|               |               |              |
|GRB111009282|  20.736|   1.171017e+02|  -1.032915e+00| -2.286083e+00|
|GRB220725563|   0.256|               |               |              |
|GRB150824079|  13.568|   1.776338e+02|  -7.631179e-01| -2.424506e+00|
|GRB210723615|  42.753|               |               |              |
|GRB211207416| 120.322|               |               |              |
|GRB090519462|  91.329|   9.571761e+01|  -5.316129e-01| -2.810626e+00|
|GRB080916009|  62.977|   6.676653e+02|  -1.070381e+00| -2.152307e+00|
|GRB100825287|   3.328|   3.718987e+01|  -1.160037e+00| -3.869243e+00|
|GRB120316008|  26.624|   6.524463e+02|  -8.018386e-01| -2.457283e+00|
|GRB181227262|  13.184|               |               |              |
|GRB161228388|  72.704|   1.080324e+02|  -1.052975e+00| -2.322017e+00|
|GRB210807525|   8.704|               |               |              |
|GRB191111364|  88.066|               |               |              |
|GRB111220486|  39.041|   3.467472e+02|  -1.093976e+00| -2.660913e+00|
|GRB190726843| 224.260|               |               |              |
|GRB140928437|  17.920|   6.925423e+02|   8.202183e-02| -2.661007e+00|
|GRB190129515|   8.704|               |               |              |
|GRB160827586|  51.200|   1.699458e+02|  -1.105560e+00| -8.550000e+00|
|GRB160829334|   0.512|   5.508626e+02|  -1.374222e-01| -2.979193e+00|
|GRB110205588| 158.720|   2.692654e+02|  -9.613928e-01| -5.954210e+00|
|GRB140506880|  64.128|   1.966831e+02|  -1.179510e+00| -1.681641e+01|
|GRB190720964|  10.496|               |               |              |
|GRB200323782|   2.112|               |               |              |
|GRB150425617|   4.352|   1.703711e+02|   1.320585e+00| -1.770017e+00|
|GRB220513865|   1.856|               |               |              |
|GRB121112806|   1.280|   9.626489e+02|   3.179120e-01| -6.807738e+00|
|GRB201021852|  35.328|               |               |              |
|GRB160516237|   2.432|               |               |              |
|GRB101224578|  44.737|   5.303191e+01|  -1.258700e+00| -2.867180e+00|
|GRB200405394|  14.848|               |               |              |
|GRB201213746|  46.336|               |               |              |
|GRB120510900|  62.465|   1.220128e+02|  -7.410033e-01| -2.292364e+00|
|GRB130228212|  15.677|   1.338944e+02|  -1.021576e+00| -2.086819e+00|
|GRB080928628|  14.336|   4.945244e+01|  -1.458193e+00| -1.801257e+00|
|GRB081129161|  62.657|   2.563956e+02|  -1.033661e+00| -2.293826e+00|
|GRB120331055|  16.384|   9.908859e+00|  -1.532410e+00| -1.954508e+00|
|GRB210204777|  32.000|               |               |              |
|GRB090720710|  10.752|   1.274949e+03|  -1.043348e+00| -2.437634e+00|
|GRB200308941|  43.008|               |               |              |
|GRB161020024|  12.288|   1.932837e+02|  -1.565402e+00| -1.458750e+01|
|GRB210315716|   5.632|               |               |              |
|GRB220606044|   0.896|               |               |              |
|GRB190830264|   5.376|               |               |              |
|GRB100715477|  14.848|   1.423914e+02|  -1.236166e+00| -2.008229e+00|
|GRB221108472|  15.104|               |               |              |
|GRB210502295|   4.992|               |               |              |
|GRB081109293|  58.369|   2.861046e+01|  -1.899425e-01| -1.648899e+00|
|GRB210805002|   0.832|               |               |              |
|GRB120728934|  32.768|   3.961515e+01|  -8.922070e-01| -1.918477e+00|
|GRB160513553|   1.664|               |               |              |
|GRB180720933|  23.296|               |               |              |
|GRB171010875|  25.344|   4.600897e+01|  -8.637429e-01| -1.914119e+00|
|GRB100201588| 141.059|   1.139542e+02|  -1.285600e+00| -2.335593e+00|
|GRB211116487|  14.848|               |               |              |
|GRB220612013|  15.872|               |               |              |
|GRB220903511|   7.424|               |               |              |
|GRB210108424|   7.168|               |               |              |
|GRB090308734|   1.664|   6.146926e+02|  -5.407038e-01| -4.419328e+00|
|GRB130515056|   0.256|   4.528559e+02|  -2.606168e-01| -2.635354e+00|
|GRB211031175|   0.128|               |               |              |
|GRB200923748|   0.640|               |               |              |
|GRB190830023|  12.288|               |               |              |
|GRB171029020|  19.712|   1.180952e+02|  -5.292044e-01| -4.031895e+00|
|GRB120117291|   3.328|               |               |              |
|GRB110227009|   1.728|   2.522477e+02|   2.755687e-02| -2.956841e+00|
|GRB180728728|   6.400|               |               |              |
|GRB200714344|   0.960|               |               |              |
|GRB200503721|  92.930|               |               |              |
|GRB140605377|   0.512|   6.817196e+02|  -2.488219e-01| -1.714062e+01|
|GRB150601904|   0.768|   5.655834e+02|   1.474660e+00| -1.337000e+01|
|GRB211222768|   1.024|               |               |              |
|GRB220724988|  35.585|               |               |              |
|GRB150913161|  20.992|   2.480648e+02|  -8.397306e-01| -2.844791e+00|
|GRB170317666| 212.995|   3.584693e+02|  -1.116668e+00| -9.902344e+00|
|GRB220803402|   7.936|               |               |              |
|GRB190110726|   8.960|               |               |              |
|GRB210925800| 229.124|               |               |              |
|GRB110930564|  37.889|   7.602265e+01|  -4.475403e-02| -2.075837e+00|
|GRB190622368|  31.744|               |               |              |
|GRB150422294|  30.208|   3.517495e+01|   1.366899e+00| -2.080017e+00|
|GRB221022612|   0.256|               |               |              |
|GRB210308838|   0.384|               |               |              |
|GRB220320194|  19.968|               |               |              |
|GRB220910627|   1.600|               |               |              |
|GRB130906435|   8.192|   3.072320e+02|  -3.112942e-01| -3.301827e+00|
|GRB200623752|   0.704|               |               |              |
|GRB210427206|  18.688|               |               |              |
|GRB080804972|  24.704|   2.212021e+02|  -5.175154e-01| -1.904774e+00|
|GRB190510120|  69.633|               |               |              |
|GRB200709147|  51.969|               |               |              |
|GRB180822423|   8.448|               |               |              |
|GRB100204566|  32.513|   1.223948e+02|  -1.079469e+00| -2.760216e+00|
|GRB141215560|  11.264|   3.304149e+02|  -4.955053e-01| -2.959833e+00|
|GRB120521380|  91.134|   1.110307e+02|   4.897810e+00| -2.036000e+00|
|GRB191026350|  59.136|               |               |              |
|GRB210528586|   1.024|               |               |              |
|GRB180125891|  22.784|   6.737186e+01|  -8.573226e-01| -3.064346e+00|
|GRB221112263|  10.752|               |               |              |
|GRB100313288|  12.864|   1.852286e+02|  -4.288652e-01| -2.241002e+00|
|GRB210312169|  65.281|               |               |              |
|GRB200909168|  28.097|               |               |              |
|GRB141122875|  30.720|   3.093943e+01|  -1.756101e-01| -2.757501e+00|
|GRB150508945| 113.920|   6.909257e+01|  -1.180527e+00| -2.895556e+00|
|GRB121127914|   0.640|   9.645307e+02|  -5.990942e-01| -1.462188e+01|
|GRB160316139|  17.152|   5.946344e+01|   2.273029e-01| -2.056241e+00|
|GRB211104765|  39.681|               |               |              |
|GRB200411187|   1.440|               |               |              |
|GRB170209048|  39.677|   1.234011e+02|  -7.689872e-01| -2.925004e+00|
|GRB190204627|  41.216|               |               |              |
|GRB120420249|  25.600|   6.435129e+01|  -5.070123e-01| -2.139719e+00|
|GRB220622394|   0.512|               |               |              |
|GRB090920035|  26.624|   5.583808e+01|  -5.662816e-01| -2.477853e+00|
|GRB201229639|  77.826|               |               |              |
|GRB190425089|   7.680|               |               |              |
|GRB090412061|   0.896|   5.967103e+02|  -5.640915e-01| -3.349075e+00|
|GRB080831053|   0.576|   1.765626e+02|   8.805455e-01| -6.079528e+00|
|GRB100620119|  51.841|   1.532831e+03|  -1.218062e+00| -2.627292e+00|
|GRB110319628|  15.104|   5.178542e+01|   1.265144e+00| -2.195725e+00|
|GRB130830921|  36.352|   8.271097e+02|  -1.419091e+00| -1.841417e+00|
|GRB150627183|  64.577|   2.255229e+02|  -1.008627e+00| -2.179372e+00|
|GRB161230298|   0.448|   5.347946e+02|  -6.479979e-01| -6.850028e+00|
|GRB160909061|  18.432|   4.040855e+01|   8.592957e-01| -1.923825e+00|
|GRB160609941|  60.160|   5.229201e+01|  -3.544761e-01| -2.003334e+00|
|GRB101014175| 449.415|   2.017850e+02|  -1.120706e+00| -2.055746e+00|
|GRB150718656|  19.456|   1.372354e+02|  -4.615721e-01| -1.599121e+01|
|GRB220408311|  32.513|               |               |              |
|GRB220130968|  61.441|               |               |              |
|GRB190727846|  35.073|               |               |              |
|GRB090805622|  46.592|   8.929100e+01|  -9.931940e-01| -3.108672e+00|
|GRB160905471|  33.537|   1.002720e+03|  -8.734648e-01| -2.956237e+00|
|GRB190609315|  97.538|               |               |              |
|GRB190507270|  84.993|               |               |              |
|GRB110706477|  73.217|   1.113520e+02|  -4.466816e-01| -1.783124e+00|
|GRB230204130|   0.032|               |               |              |
|GRB081215880|   7.680|   1.164013e+02|  -2.789874e-01| -2.568832e+00|
|GRB210201567|  39.680|               |               |              |
|GRB210923124| 128.512|               |               |              |
|GRB201207977|  17.408|               |               |              |
|GRB200216380|   8.192|               |               |              |
|GRB150922883|   2.816|   8.582873e+01|   1.947574e-01| -3.227214e+00|
|GRB140608153|  71.681|   1.496656e+02|  -9.864493e-01| -8.154210e+00|
|GRB180404091|  80.897|   2.124747e+02|  -2.954402e-01| -3.414187e+00|
|GRB091207333|  27.073|   1.003805e+02|  -4.028186e-01| -2.230000e+00|
|GRB120709883|  27.328|   4.908990e+02|  -1.113280e+00| -3.304129e+00|
|GRB100819498|  12.544|   1.905713e+02|  -7.433196e-01| -1.646365e+00|
|GRB150923864|   1.792|   1.246500e+02|  -3.755178e-02| -2.715524e+00|
|GRB141012773|  37.633|   1.082939e+03|  -9.330295e-01| -4.861624e+00|
|GRB230116205|   7.933|               |               |              |
|GRB121205507|   2.816|               |               |              |
|GRB200311636|  52.481|               |               |              |
|GRB200928552|  14.848|               |               |              |
|GRB101013412|  15.360|   1.353795e+02|  -9.591521e-01| -2.448194e+00|
|GRB090309767|  56.513|   5.105845e+02|  -1.605031e+00| -8.455101e+00|
|GRB091015129|   3.840|   8.141959e+01|  -5.391634e-01| -2.910383e+01|
|GRB130121835| 178.691|   1.649205e+02|  -9.265869e-01| -2.167603e+00|
|GRB160416022|  26.621|   3.794367e+01|   7.200619e-02| -2.177874e+00|
|GRB211204144|  77.056|               |               |              |
|GRB201011837|  56.576|               |               |              |
|GRB101227536|  28.864|   7.952971e+02|  -7.599712e-01| -9.586608e+00|
|GRB150721732|  11.520|   1.171459e+02|  -8.979937e-01| -2.140703e+00|
|GRB201128746|  11.264|               |               |              |
|GRB210706571|   3.840|               |               |              |
|GRB200206706|  13.824|               |               |              |
|GRB200505994|   9.984|               |               |              |
|GRB190315512|  29.184|               |               |              |
|GRB110322558|  36.097|   7.217573e+01|  -8.006809e-01| -1.995478e+00|
|GRB190916590|  37.376|               |               |              |
|GRB140115899|  10.496|   5.043893e+01|  -1.549791e+00| -3.180376e+00|
|GRB190228973|  50.944|               |               |              |
|GRB100424729| 175.363|   2.721455e+02|  -6.014040e-01| -2.587170e+00|
|GRB120314412|   1.280|   3.749549e+02|  -9.251227e-02| -3.033263e+00|
|GRB170825784|  65.024|   6.010856e+01|  -7.315424e-02| -2.291504e+00|
|GRB150301045|   0.416|   1.494255e+02|  -4.246629e-01| -2.378370e+00|
|GRB180416340| 103.426|   1.259482e+02|  -1.362660e+00| -2.424586e+00|
|GRB160223670| 288.005|   2.292558e+02|  -1.112011e+00| -2.366608e+00|
|GRB150820880|   5.888|   5.247877e+01|   7.735890e-01| -1.584234e+00|
|GRB200207058|  15.616|               |               |              |
|GRB130919985|  17.408|   1.302460e+03|  -8.237258e-01| -7.063246e+00|
|GRB190226515|   0.192|               |               |              |
|GRB160227831|   7.680|   5.815842e+02|  -4.915118e-01| -1.714062e+01|
|GRB120212353|   0.864|   4.772156e+02|  -1.318006e-01| -2.241273e+00|
|GRB150322066|  15.613|   4.209026e+02|  -7.504713e-01| -2.466796e+00|
|GRB180605458|  24.064|   6.398347e+02|  -6.588361e-01| -3.134230e+00|
|GRB151114645|  34.816|   3.020649e+02|  -7.369337e-01| -3.305801e+00|
|GRB100204024|  49.665|   1.959621e+02|  -9.355288e-01| -8.694540e+00|
|GRB180611145|   8.960|   2.106718e+02|  -8.844042e-01| -2.170404e+00|
|GRB150313657|   5.120|   9.391585e+01|  -1.423045e+00| -3.341022e+00|
|GRB180807097|  54.272|               |               |              |
|GRB210801649|   5.376|               |               |              |
|GRB080815917|   0.832|   1.176338e+02|  -5.161942e-01| -1.575247e+00|
|GRB150830128|  44.801|   1.118111e+02|  -1.498611e+00| -8.244636e+00|
|GRB220831664|   2.816|               |               |              |
|GRB200703341|   0.704|               |               |              |
|GRB121027038| 166.915|   1.442363e+02|  -6.695772e-01| -1.980266e+00|
|GRB210113379|  38.400|               |               |              |
|GRB130722021|  81.408|               |               |              |
|GRB081226509|   0.192|   3.598159e+02|  -3.993676e-01| -1.862645e+01|
|GRB191225735|  82.690|               |               |              |
|GRB200211310|  78.594|               |               |              |
|GRB150630958|  39.169|   2.653578e+02|  -1.184757e+00| -2.063850e+00|
|GRB181020792|  15.104|               |               |              |
|GRB120801920| 479.239|   3.411284e+02|  -1.091349e+00| -1.192768e+01|
|GRB181026540|  44.800|               |               |              |
|GRB220711675|   0.256|               |               |              |
|GRB190324947|  26.881|               |               |              |
|GRB211024065|   0.064|               |               |              |
|GRB161119633|  77.824|   4.062779e+01|  -7.867507e-01| -2.387820e+00|
|GRB170906030|  78.849|   2.741907e+02|  -1.030255e+00| -2.201652e+00|
|GRB141102536|   2.624|   5.986384e+02|  -6.763711e-01| -2.599141e+00|
|GRB090706283|  57.857|   1.610389e+02|  -1.573197e+00| -4.356832e+00|
|GRB210524208|  20.992|               |               |              |
|GRB171119992|  26.369|   3.082263e+02|  -9.347296e-01| -2.613085e+00|
|GRB090718720|  76.481|   5.756479e+02|  -1.072604e+00| -2.388165e+00|
|GRB170115743|  44.288|   1.150763e+03|  -8.355250e-01| -2.704238e+00|
|GRB170208758|   7.168|   1.767166e+02|  -9.818795e-01| -2.157480e+00|
|GRB150604284|  52.736|   2.815472e+02|  -4.130672e-01| -1.021385e+01|
|GRB130403866|  22.784|   1.196420e+02|  -3.511116e-01| -7.088653e+00|
|GRB120203812|  10.240|   2.174321e+02|  -1.306612e+00| -6.343195e+00|
|GRB170629537|  28.160|   1.550461e+02|  -1.295943e+00| -7.419828e+00|
|GRB090630311|   2.880|   6.452754e+01|  -1.342461e+00| -2.067188e+01|
|GRB090320418|   7.936|   2.027593e+02|  -6.214567e-01| -2.106124e+00|
|GRB181231359|   3.072|               |               |              |
|GRB190714573|  66.049|               |               |              |
|GRB190930400| 185.860|               |               |              |
|GRB201226553|  70.914|               |               |              |
|GRB210627748|  15.680|               |               |              |
|GRB150908408|  60.928|   2.796131e+01|   3.575254e+00| -1.652622e+00|
|GRB170308221|  11.520|   1.806071e+02|  -5.825672e-01| -2.183368e+00|
|GRB170803415|  66.816|   7.851858e+01|  -1.250106e+00| -2.951886e+00|
|GRB120304248|   5.376|   1.469702e+03|  -6.419023e-01| -3.910972e+00|
|GRB200307894|   1.664|               |               |              |
|GRB110125894|   4.800|   2.029382e+01|  -5.501910e-01| -1.965251e+00|
|GRB210309999|   0.512|               |               |              |
|GRB150222450|  65.281|   1.221140e+02|  -8.049452e-01| -1.884118e+00|
|GRB100718160|  32.641|   9.355440e+01|  -8.792187e-01| -2.443405e+00|
|GRB180718201|   7.168|               |               |              |
|GRB221022815|   6.912|               |               |              |
|GRB161128216|   6.912|   1.538543e+02|  -1.140699e+00| -1.447031e+01|
|GRB210324833|  67.073|               |               |              |
|GRB100918863|  88.834|   5.032753e+02|  -7.771851e-01| -3.311648e+00|
|GRB130830864|  83.968|               |               |              |
|GRB220309253|  62.208|               |               |              |
|GRB170402961|  22.528|   5.273125e+00|  -1.585997e+00| -2.175218e+00|
|GRB120728434| 100.481|   8.810446e+01|  -1.170364e+00| -2.921669e+00|
|GRB190320052|  43.009|               |               |              |
|GRB180720213|   8.896|               |               |              |
|GRB110817191|   5.949|   1.337792e+02|  -7.748725e-01| -1.620213e+00|
|GRB141112539| 335.876|   8.564932e+00|  -1.224733e+00| -1.470283e+00|
|GRB210801581|  13.824|               |               |              |
|GRB120701654|   1.024|               |               |              |
|GRB090427644|   1.024|   3.038374e+02|  -6.531940e-01| -1.896602e+00|
|GRB110228011|  44.481|   4.969125e+01|   4.871421e-03| -2.105456e+00|
|GRB190607071|  37.888|               |               |              |
|GRB120926753|   3.072|   1.165111e+02|   7.359735e-01| -1.697258e+00|
|GRB220831550|  12.032|               |               |              |
|GRB120919309|  21.248|   1.519627e+02|  -8.005959e-01| -2.089403e+00|
|GRB220120619|   1.280|               |               |              |
|GRB120319983|  72.448|   7.426297e+02|  -1.252384e+00| -1.562731e+00|
|GRB190205938|  98.050|               |               |              |
|GRB210926044|   7.424|               |               |              |
|GRB150523396|  82.433|   5.452399e+02|  -5.556022e-01| -3.267608e+00|
|GRB110511616|   5.888|   3.279267e+01|   4.823458e-01| -1.947417e+00|
|GRB221107058| 231.428|               |               |              |
|GRB200407265|   3.072|               |               |              |
|GRB220823145|   1.088|               |               |              |
|GRB210929821|  10.752|               |               |              |
|GRB170301812|  12.544|   5.525792e+02|  -1.394141e+00| -1.602824e+00|
|GRB221118575|  17.920|               |               |              |
|GRB200612201| 984.084|               |               |              |
|GRB120323162|   4.352|   1.456476e+02|  -6.621565e-01| -1.818791e+00|
|GRB190905985|   0.704|               |               |              |
|GRB170424425|  53.249|   4.787672e+02|  -8.207103e-01| -2.205426e+00|
|GRB200619492|  50.432|               |               |              |
|GRB211109113| 285.701|               |               |              |
|GRB200129409|   0.112|               |               |              |
|GRB111024722|  65.025|   7.520642e+01|  -7.847859e-01| -2.073265e+00|
|GRB200924235|  58.113|               |               |              |
|GRB220702569|   3.840|               |               |              |
|GRB120611108|  49.921|   6.802528e+01|  -1.332788e+00| -2.731419e+01|
|GRB150305724|  16.128|   7.277675e+02|  -6.658457e-02| -2.141506e+00|
|GRB220704575|  22.016|               |               |              |
|GRB220620261|  48.385|               |               |              |
|GRB200722094|  64.769|               |               |              |
|GRB140817229|  26.112|   2.316013e+02|  -1.117827e+00| -7.236281e+00|
|GRB100517132|  19.840|   7.823145e+01|  -5.165505e-01| -1.632116e+00|
|GRB110720177|  11.200|   1.625843e+02|  -8.390227e-01| -1.933290e+00|
|GRB130928537| 132.994|   1.414276e+02|  -6.529870e-01| -7.263486e+00|
|GRB151111356|  46.336|   1.186465e+02|  -7.834093e-02| -1.326562e+01|
|GRB121014638|   0.576|   3.336771e+02|  -1.148783e+00| -1.680433e+00|
|GRB101004426| 161.027|   1.938307e+02|  -1.398724e+00| -4.043582e+00|
|GRB090514734|  54.401|   8.591090e+01|  -1.213617e+00| -2.237037e+00|
|GRB180131528|   0.960|   8.237513e+02|  -3.374556e-01| -6.185841e+00|
|GRB090928646|  15.616|   2.329061e+02|  -5.608495e-01| -1.969999e+00|
|GRB150418819|   3.840|   4.443285e+01|  -5.759305e-01| -2.460877e+00|
|GRB180201706|   0.192|   1.076184e+03|  -9.821340e-01| -7.629395e+00|
|GRB120719146|  75.009|   9.522993e+01|  -6.869389e-01| -1.903826e+00|
|GRB081118876|  20.736|   6.272816e+01|  -6.319442e-01| -2.201905e+00|
|GRB090320045|   2.368|   3.074568e+02|  -1.088426e+00| -4.828318e+00|
|GRB090623107|  47.105|   3.948045e+02|  -7.759818e-01| -2.113326e+00|
|GRB111103948|   0.320|   1.337159e+03|  -5.784050e-01| -6.848126e+00|
|GRB210228058|   3.776|               |               |              |
|GRB191221802|   2.240|               |               |              |
|GRB230116374|   0.064|               |               |              |
|GRB210626991|  46.337|               |               |              |
|GRB090620901|   0.960|   7.473507e+02|  -5.540781e-01| -1.534795e+01|
|GRB090227310|  16.189|   1.690609e+03|  -9.209647e-01| -1.923927e+00|
|GRB141011467|  12.029|   7.049849e+02|  -7.214957e-01| -1.972032e+00|
|GRB150324164|   4.608|   7.082114e+02|  -5.763429e-01| -2.372676e+00|
|GRB151210041|  37.633|   1.707739e+02|  -1.429221e+00| -1.247862e+01|
|GRB121109338|  22.144|   3.173202e+02|  -9.064851e-01| -2.051791e+00|
|GRB080823363|  43.456|   5.854986e+01|  -8.579061e-01| -1.636403e+00|
|GRB220727192|   6.461|               |               |              |
|GRB210904866|   3.904|               |               |              |
|GRB200616654|  24.576|               |               |              |
|GRB130404840|  34.561|   1.026236e+01|  -1.614420e+00| -1.892038e+00|
|GRB220115709|  25.345|               |               |              |
|GRB221025040|   0.448|               |               |              |
|GRB090610723| 146.434|   1.129259e+02|  -5.996802e-01| -2.637135e+00|
|GRB090701225|   4.160|   5.876680e+01|  -9.451199e-01| -2.147485e+00|
|GRB090328401|  61.697|   6.505475e+02|  -1.082825e+00| -2.389771e+00|
|GRB180124392|  86.528|   9.131441e+02|  -1.106769e+00| -6.313449e+00|
|GRB190824616| 108.546|               |               |              |
|GRB220820998|   0.128|               |               |              |
|GRB210704684|  43.521|               |               |              |
|GRB150228845|   4.125|   1.025694e+03|  -7.840170e-01| -2.424788e+00|
|GRB220905433| 144.640|               |               |              |
|GRB110709862|   5.376|   5.340467e+01|  -7.872884e-01| -2.435729e+00|
|GRB170801690|  10.240|   7.541248e+01|   4.422661e-01| -1.996361e+00|
|GRB200412290|  12.606|               |               |              |
|GRB190324348|  52.225|               |               |              |
|GRB150219522|  36.097|   1.681707e+02|  -6.546971e-01| -2.217685e+00|
|GRB220831581|   1.728|               |               |              |
|GRB211224980|   0.192|               |               |              |
|GRB221226945|   4.864|               |               |              |
|GRB131113483|  60.545|   1.440379e+02|  -4.700912e-01| -2.543093e+00|
|GRB210605215|   0.448|               |               |              |
|GRB190310398|  59.393|               |               |              |
|GRB090327404|  14.080|   8.264994e+01|  -3.948301e-01| -2.439841e+00|
|GRB090117335|  27.264|   1.401421e+02|  -1.261055e+00| -1.827657e+00|
|GRB160131116|  34.816|   6.353382e+01|  -1.572567e-02| -2.000477e+00|
|GRB180401846|  23.040|   8.820311e+01|  -5.406788e-01| -1.212000e+01|
|GRB220725244|   0.512|               |               |              |
|GRB210228277|  42.753|               |               |              |
|GRB110420946|   0.128|   3.535197e+02|  -2.288367e-01| -9.536743e+00|
|GRB221126547|   7.424|               |               |              |
|GRB170219110|  10.240|   7.150983e+01|   8.038096e-03| -2.319394e+00|
|GRB140721336| 127.746|   1.507134e+02|  -1.088725e+00| -2.255660e+00|
|GRB200105914|  16.896|               |               |              |
|GRB190626254|  23.808|               |               |              |
|GRB211204493| 139.266|               |               |              |
|GRB140329272|   0.064|   4.137592e+02|  -2.823210e-01| -9.258270e+00|
|GRB180122129|   4.352|   6.697651e+01|  -1.604063e+00| -1.126872e+01|
|GRB210625891|   4.096|               |               |              |
|GRB221228204|  86.274|               |               |              |
|GRB150817251|  13.312|   1.994792e+02|  -6.527327e-01| -3.849721e+00|
|GRB150222832|  74.752|   8.369872e+01|  -1.504442e-01| -4.308549e+00|
|GRB150923429|   0.192|   2.193840e+02|   1.214409e+00| -1.910362e+01|
|GRB100907751|   5.376|   7.658852e+01|  -5.770481e-01| -7.032380e+00|
|GRB191019970| 137.730|               |               |              |
|GRB131211510|  44.800|   6.835033e+01|  -1.319100e+00| -1.718460e+01|
|GRB190222312|  13.824|               |               |              |
|GRB210202841|  17.664|               |               |              |
|GRB210615892|   6.400|               |               |              |
|GRB160411062|   0.672|   1.615329e+02|   3.130793e-01| -4.953921e+00|
|GRB210519277|  25.024|               |               |              |
|GRB130509078|  24.320|   1.717489e+02|  -1.810396e+00| -2.105587e+00|
|GRB120415076|  12.544|   6.818591e+01|  -7.567455e-02| -1.439989e+00|
|GRB190303240|  64.768|               |               |              |
|GRB141230871|   0.224|   5.940583e+01|   6.767139e-01| -1.640892e+00|
|GRB130609902| 191.491|   5.209636e+02|  -8.555558e-01| -2.798844e+00|
|GRB190419414| 212.741|               |               |              |
|GRB161213295|  23.296|               |               |              |
|GRB220921462| 209.988|               |               |              |
|GRB201221978|   7.168|               |               |              |
|GRB220117199| 115.458|               |               |              |
|GRB161004964|  12.800|   1.355809e+02|  -8.107229e-01| -2.392184e+00|
|GRB200522650|  30.977|               |               |              |
|GRB150522433|  43.776|   5.756359e+02|  -1.258980e+00| -3.843561e+00|
|GRB190619595| 134.914|               |               |              |
|GRB110118857|  34.561|   5.829891e+01|  -4.593332e-01| -2.173276e+00|
|GRB181008877| 224.516|               |               |              |
|GRB220721021|  17.920|               |               |              |
|GRB110625579|  33.281|   6.461806e+01|   5.012642e-01| -1.940739e+00|
|GRB190330694|  36.097|               |               |              |
|GRB180731891|  31.233|               |               |              |
|GRB201201120|  44.288|               |               |              |
|GRB150708339|  95.234|   1.528279e+02|  -1.150322e+00| -2.141446e+00|
|GRB120121101|  18.432|   9.040485e+01|  -7.428194e-01| -2.856352e+00|
|GRB170510217| 127.746|   3.659475e+02|  -1.029861e+00| -2.277343e+00|
|GRB170802638|   2.240|   5.409509e+02|  -7.256588e-01| -2.070378e+00|
|GRB150523690| 114.690|   1.929983e+02|  -1.266248e+00| -1.885591e+00|
|GRB211019250|  47.361|               |               |              |
|GRB211229145| 119.807|               |               |              |
|GRB220421346|   6.429|               |               |              |
|GRB140619490|   0.448|   2.439339e+02|  -5.019913e-01| -9.052113e+00|
|GRB170607946|  18.176|   5.714997e+02|  -7.522203e-01| -2.710294e+00|
|GRB101205309|   7.936|   2.750185e+02|  -5.663722e-01| -1.746230e+01|
|GRB100625773|   0.240|   4.821331e+02|  -5.933414e-01| -1.223786e+01|
|GRB180524416|  13.312|   1.105012e+03|  -6.922599e-01| -1.664270e+00|
|GRB090926914|  64.001|   8.233972e+01|   2.346046e-01| -3.342915e+00|
|GRB170323058|  33.536|   3.174796e+01|   1.981621e-01| -2.103541e+00|
|GRB090316311|  10.240|   1.321912e+02|  -1.135297e+00| -5.450454e+00|
|GRB140710537|   0.384|   2.273371e+02|   6.394512e-01| -2.422266e+00|
|GRB090907017|  39.489|   2.470224e+02|  -5.140634e-01| -1.751039e+00|
|GRB181222279| 130.691|               |               |              |
|GRB150423285|  14.336|   7.596981e+01|  -6.522684e-01| -2.273951e+00|
|GRB190519309|  43.521|               |               |              |
|GRB201218798|  75.265|               |               |              |
|GRB181119649|  25.344|               |               |              |
|GRB220308233|  32.768|               |               |              |
|GRB090117632|  86.017|   2.824951e+02|  -1.282359e+00| -2.038769e+00|
|GRB200320414|   9.021|               |               |              |
|GRB101224998|  18.688|   1.725273e+02|  -5.921682e-01| -2.567673e+00|
|GRB190331093|   4.800|               |               |              |
|GRB180823442|  47.745|               |               |              |
|GRB170504734|   0.704|               |               |              |
|GRB110721200|  21.822|   4.651933e+02|  -1.027921e+00| -1.779303e+00|
|GRB111107076|  77.185|   1.842576e+02|  -7.276048e-01| -6.514013e+00|
|GRB150712846|  59.648|   2.284369e+02|  -7.724673e-01| -7.170410e+00|
|GRB170915161|  15.613|   1.425977e+02|  -7.645418e-01| -2.048981e+00|
|GRB190712018|   1.792|               |               |              |
|GRB200103678|   9.984|               |               |              |
|GRB170125102|   0.672|               |               |              |
|GRB220305676|  27.137|               |               |              |
|GRB110609425|  33.024|   8.301320e+01|  -1.149064e+00| -1.981112e+00|
|GRB180821653|  13.568|               |               |              |
|GRB101206036|  34.813|   4.337194e+02|  -1.135228e+00| -2.153500e+00|
|GRB120919052| 118.018|   2.234681e+02|  -8.500534e-01| -2.168590e+00|
|GRB171207809|  25.600|   1.810465e+02|  -9.695840e-01| -3.884589e+00|
|GRB140706815|  43.776|   7.839101e+01|  -1.008786e+00| -2.601704e+00|
|GRB210415284|  16.896|               |               |              |
|GRB120612687|   0.256|   9.815550e+02|  -5.421199e-01| -1.042500e+01|
|GRB230220892|  28.672|               |               |              |
|GRB170614505|   5.376|   7.558098e+01|  -5.272950e-01| -2.509129e+00|
|GRB150603105|  67.328|   4.440753e+01|  -8.035664e-01| -2.720343e+00|
|GRB110702187|  34.369|   7.786281e+01|  -1.603675e-01| -6.054505e+00|
|GRB150201574|  15.616|   1.252563e+02|  -9.927314e-01| -2.645259e+00|
|GRB200914534|  65.281|               |               |              |
|GRB190810675|   0.160|               |               |              |
|GRB220523175|   7.680|               |               |              |
|GRB090608052|  21.504|   2.539467e+02|  -1.642350e+00| -7.086621e+00|
|GRB200517786|  27.392|               |               |              |
|GRB100118100|   9.216|   7.548055e+02|  -1.269692e-01| -2.430031e+00|
|GRB111120556|  98.626|   6.678596e+01|  -1.076312e+00| -2.771958e+00|
|GRB210102861|  83.970|               |               |              |
|GRB210802839|  10.240|               |               |              |
|GRB120926426|  60.161|   2.379946e+02|  -9.906170e-01| -2.343016e+00|
|GRB130627372|  35.840|   1.006275e+02|  -9.852166e-01| -1.329716e+01|
|GRB101102840|  43.520|   1.536728e+02|  -5.222652e-01| -1.555496e+00|
|GRB141003564|   8.704|   5.039355e+01|  -7.829505e-01| -2.401732e+00|
|GRB140430716|  26.368|   1.159969e+02|  -5.715278e-01| -2.036432e+00|
|GRB180610377| 163.331|   1.016852e+02|  -1.001995e+00| -1.661814e+00|
|GRB091112737|  24.576|   6.782327e+02|  -1.102902e+00| -2.210857e+00|
|GRB180816088|  34.561|               |               |              |
|GRB140911012| 116.736|   5.741160e+02|  -8.544290e-01| -2.453466e+00|
|GRB200714661|   3.328|               |               |              |
|GRB120222119|  29.440|   1.284688e+02|  -8.996014e-01| -2.528827e+00|
|GRB090718762|  23.744|   1.618354e+02|  -1.112374e+00| -2.436241e+00|
|GRB181224987|   1.088|               |               |              |
|GRB190411407|  18.688|               |               |              |
|GRB200111633|   6.016|               |               |              |
|GRB140110263|   9.472|   1.462343e+03|  -6.612541e-01| -2.459412e+00|
|GRB150726877|  46.849|   5.160627e+01|  -4.942761e-02| -1.682323e+00|
|GRB210917157|   7.040|               |               |              |
|GRB200925610|  50.176|               |               |              |
|GRB201221591|   0.032|               |               |              |
|GRB090531775|   0.768|   1.659394e+03|  -6.329355e-01| -8.628751e+00|
|GRB100805845|  58.430|   7.145165e+01|   2.853904e-01| -2.072632e+00|
|GRB210318131|  24.320|               |               |              |
|GRB230110649|   6.848|               |               |              |
|GRB090528173|  35.905|   4.012205e+01|  -5.304306e-01| -2.246463e+00|
|GRB081231140|  28.736|   2.517603e+02|  -1.170484e+00| -1.971332e+00|
|GRB120908873|  46.849|   2.791440e+02|  -1.187873e+00| -2.918349e+00|
|GRB180311074|   0.960|   3.299301e+02|  -9.109765e-01| -1.617890e+00|
|GRB141128962|   0.272|   1.642563e+02|  -8.988203e-01| -2.708416e+00|
|GRB150118409|  40.193|   7.701132e+02|  -9.660724e-01| -4.059436e+00|
|GRB180606730|   6.080|   8.132078e+02|  -1.287761e+00| -5.189323e+00|
|GRB150527662|  63.233|   3.223816e+02|  -1.350157e+00| -1.045261e+01|
|GRB141121414|   3.840|   1.271528e+02|  -3.305713e-01| -2.637001e+00|
|GRB100504806|  16.512|   8.127497e+01|  -5.906775e-01| -3.697624e+00|
|GRB100510810|  31.169|   6.426194e+01|  -7.851790e-01| -2.878669e+00|
|GRB111025078|  51.712|   1.831976e+02|  -8.652568e-01| -3.683752e+00|
|GRB131216081|  19.262|   3.452198e+02|  -6.085239e-01| -1.989231e+00|
|GRB150711766|  82.177|   7.558894e+01|  -9.993583e-01| -2.185028e+00|
|GRB210712405|   7.168|               |               |              |
|GRB200601097| 153.859|               |               |              |
|GRB170923101|  46.080|   1.425575e+03|  -1.174057e+00| -1.956933e+00|
|GRB101128322|   8.192|   1.069763e+02|  -2.807649e-01| -2.140120e+00|
|GRB230102015|   0.176|               |               |              |
|GRB200101861|   9.984|               |               |              |
|GRB201105482|   0.960|               |               |              |
|GRB171227000|  37.633|   8.987153e+02|  -8.755313e-01| -2.572340e+00|
|GRB170718152|  40.192|   1.945698e+02|  -8.727632e-01| -3.555011e+00|
|GRB180910352|   0.256|               |               |              |
|GRB221226698| 128.514|               |               |              |
|GRB121225417|  58.497|   2.847611e+02|  -1.132606e+00| -2.150043e+00|
|GRB160225809|  64.257|   1.126186e+02|  -7.929146e-01| -2.873157e+00|
|GRB180809485| 236.036|               |               |              |
|GRB221016986|  12.736|               |               |              |
|GRB200915144|   1.536|               |               |              |
|GRB100910818|  13.824|   1.518146e+02|  -9.486510e-01| -2.364510e+00|
|GRB090427688|  12.288|   4.856984e+01|   1.932740e+00| -2.305436e+00|
|GRB101219686|  51.009|   6.330679e+01|   8.852751e-01| -2.390578e+00|
|GRB120707800|  40.960|   1.573143e+02|  -1.031019e+00| -2.189692e+00|
|GRB221216473| 184.324|               |               |              |
|GRB110409179|   0.128|   2.022788e+02|   8.309392e-01| -1.804246e+00|
|GRB200112395|  38.912|               |               |              |
|GRB200929204|   2.048|               |               |              |
|GRB230129246|  72.961|               |               |              |
|GRB200826187|   1.136|               |               |              |
|GRB090310189| 116.930|   1.277811e+02|  -8.785759e-01| -8.780624e+00|
|GRB090829672|  67.585|   1.879220e+02|  -1.492815e+00| -2.187978e+00|
|GRB150214293|   0.192|   6.208117e+02|  -5.901292e-01| -2.148958e+00|
|GRB081222204|  18.880|   1.472107e+02|  -8.443683e-01| -2.299758e+00|
|GRB141110232|  36.608|   1.830186e+02|  -1.095492e+00| -1.964901e+00|
|GRB220305481| 172.803|               |               |              |
|GRB200407388|  47.872|               |               |              |
|GRB160310291|  23.613|   5.595835e+01|  -1.238000e+00| -2.443000e+00|
|GRB190821716|  59.904|               |               |              |
|GRB161206064|  33.537|   2.431477e+02|  -8.465157e-01| -2.006227e+00|
|GRB190530430|  18.432|               |               |              |
|GRB110616648|  12.544|   2.171097e+01|   2.089852e-01| -1.826642e+00|
|GRB170726249|   1.792|   2.035597e+02|  -4.979169e-01| -3.070038e+00|
|GRB110509142|  68.864|   1.044151e+02|   2.201737e-01| -2.675550e+00|
|GRB120119354|  16.896|   1.626165e+02|  -1.022164e+00| -1.322811e+01|
|GRB081213173|   0.256|   1.973665e+03|  -1.136558e+00| -9.717863e+00|
|GRB220609063|  11.520|               |               |              |
|GRB220728681|   1.152|               |               |              |
|GRB130614997|   9.280|   9.214346e+01|  -1.397181e+00| -2.670376e+00|
|GRB211109028|   8.960|               |               |              |
|GRB080808451|   4.352|   9.550806e+01|   1.484148e-01| -1.929925e+00|
|GRB191017391|  67.841|               |               |              |
|GRB190109217| 123.902|               |               |              |
|GRB200506404| 204.548|               |               |              |
|GRB130819394|  82.689|   8.073792e+01|  -3.918990e-01| -3.023127e+00|
|GRB180810278|  15.104|               |               |              |
|GRB120506128|   2.304|   1.081331e+02|  -5.138268e-01| -2.000683e+00|
|GRB190531568|   0.320|               |               |              |
|GRB091101143|  10.688|   1.284819e+02|  -7.853867e-01| -2.434218e+00|
|GRB141031998|   0.160|   8.799354e+02|  -7.873508e-01| -2.593216e+00|
|GRB180724807|  58.113|               |               |              |
|GRB211116586|  19.968|               |               |              |
|GRB220715934|  39.680|               |               |              |
|GRB220222808|  10.752|               |               |              |
|GRB181020424|  13.312|               |               |              |
|GRB180405169|  28.477|   1.289986e+02|  -8.951347e-01| -3.396573e+00|
|GRB090626189|  48.897|   1.866007e+02|  -1.238423e+00| -2.203305e+00|
|GRB171223818|   0.384|   1.097971e+03|  -6.061425e-01| -2.722275e+00|
|GRB150805746|   1.408|   5.111371e+01|  -2.325386e-02| -2.714040e+00|
|GRB180411546|  29.696|   1.006759e+02|  -1.209873e+00| -1.565738e+00|
|GRB111109453|   4.864|   2.192394e+02|  -1.272237e+00| -1.413881e+00|
|GRB131209547|  13.568|   2.989080e+02|  -5.857120e-01| -4.026152e+00|
|GRB080812889|  15.040|   1.519039e+02|  -1.834784e-01| -2.160621e+00|
|GRB140919636| 108.546|   1.330285e+01|  -1.238797e+00| -1.894489e+00|
|GRB111022854|   0.192|   3.810351e+02|  -6.424403e-01| -3.404699e+00|
|GRB160512199|  78.081|   9.605462e+01|  -1.047026e+00| -3.315665e+00|
|GRB200801650|  63.745|               |               |              |
|GRB220401896|  32.000|               |               |              |
|GRB160519060|  17.664|   5.336421e+01|  -1.153309e+00| -3.816213e+00|
|GRB171117515| 105.922|   1.160129e+02|  -1.404550e+00| -2.154723e+00|
|GRB090108322|   0.192|   1.023620e+03|  -9.054782e-01| -2.402952e+00|
|GRB090129880|  16.640|   1.668288e+02|  -1.480236e+00| -2.105244e+00|
|GRB160111115|  26.880|   3.370714e+01|  -7.544995e-01| -1.962919e+00|
|GRB170429799| 220.163|   4.478130e+01|  -1.849922e+00| -1.890734e+00|
|GRB140901821|   0.176|   1.341584e+03|  -3.862774e-01| -4.624014e+00|
|GRB170106968|  31.232|               |               |              |
|GRB150122960|  53.249|   6.137039e+00|  -1.322350e+00| -1.455149e+00|
|GRB210924960|  10.240|               |               |              |
|GRB200915846|   0.960|               |               |              |
|GRB140701833|   6.912|   1.880462e+02|  -1.100716e+00| -9.563599e+00|
|GRB151120349|  28.416|   2.165456e+02|  -1.371126e+00| -2.206554e+00|
|GRB220627890| 136.706|               |               |              |
|GRB230207021|  22.528|               |               |              |
|GRB191111347|   5.376|               |               |              |
|GRB190202234|  97.536|               |               |              |
|GRB140720158|   0.320|   3.503084e+02|  -3.973756e-01| -6.922969e+00|
|GRB110505203|   4.096|   1.069791e+02|  -1.219591e+00| -2.615136e+00|
|GRB180710062|  90.112|   1.288458e+02|  -5.373003e-01| -3.467606e+00|
|GRB120526303|  43.649|   7.827846e+02|  -8.323485e-01| -2.977991e+00|
|GRB120429484|  15.360|   4.496595e+02|  -1.822714e+00| -5.711634e+00|
|GRB140329295|  21.248|   2.288074e+02|  -8.129236e-01| -2.249880e+00|
|GRB141105358|  19.200|   4.834585e+01|   1.035476e-01| -2.037901e+00|
|GRB130112353|   2.048|   5.537648e+02|  -7.096162e-01| -1.192093e+01|
|GRB081206604|   7.936|   1.098357e+02|  -1.389955e+00| -2.537758e+00|
|GRB120711446|  87.552|   2.702714e+02|  -6.728977e-01| -1.834235e+00|
|GRB201016136| 165.123|               |               |              |
|GRB200325138|   0.960|               |               |              |
|GRB170826819|  11.008|   3.836432e+02|  -9.581218e-01| -2.268848e+00|
|GRB190808498|  47.360|               |               |              |
|GRB200613229| 478.026|               |               |              |
|GRB111010660|   8.704|   1.055726e+02|  -1.439170e+00| -1.690346e+00|
|GRB120811014|   0.448|   1.317447e+03|  -3.141298e-01| -7.199110e+00|
|GRB090101758| 108.802|   1.105970e+02|  -1.075130e+00| -1.490722e+01|
|GRB090513916|  25.280|   7.985958e+02|  -8.646905e-01| -4.651358e+00|
|GRB210401970| 301.061|               |               |              |
|GRB180413118|  57.857|   3.830347e+02|  -1.166250e+00| -3.893554e+00|
|GRB180718763|  98.306|               |               |              |
|GRB190608009|  85.250|               |               |              |
|GRB211121434| 333.064|               |               |              |
|GRB191022341|  77.824|               |               |              |
|GRB120710100| 131.840|   8.242425e+01|  -1.309219e+00| -3.610240e+00|
|GRB190817953|   8.448|               |               |              |
|GRB091122163|   2.944|   1.970696e+03|  -1.267353e+00| -1.629439e+00|
|GRB220715368|  13.312|               |               |              |
|GRB191008297|  32.513|               |               |              |
|GRB120219563|   8.128|   1.995598e+03|  -8.164487e-01| -7.995000e+00|
|GRB101214993|  11.520|   7.230015e+02|  -1.364588e+00| -1.608019e+00|
|GRB130715906|  47.873|   2.282868e+02|  -1.592990e-01| -2.129938e+00|
|GRB091006360|   0.192|   1.850390e+02|  -6.762251e-01| -5.284593e+00|
|GRB220326173|  23.552|               |               |              |
|GRB190707285|  36.353|               |               |              |
|GRB130701761|   1.600|   1.209843e+03|  -5.338577e-01| -1.339594e+01|
|GRB190719113|  84.738|               |               |              |
|GRB210620204|  53.760|               |               |              |
|GRB191031891|   0.256|               |               |              |
|GRB151218857|   3.328|   9.781355e+01|  -1.186603e+00| -2.009479e+00|
|GRB170711019|  15.104|   7.574197e+02|  -1.407473e+00| -2.188830e+00|
|GRB230111797|   7.936|               |               |              |
|GRB221127352|   0.512|               |               |              |
|GRB141209131|  78.081|   1.979140e+02|  -6.045528e-01| -1.909851e+00|
|GRB211219622|  31.741|               |               |              |
|GRB191213254|  18.944|               |               |              |
|GRB090112332|  58.369|   1.392139e+02|  -1.146889e+00| -2.173736e+00|
|GRB190411579|  60.928|               |               |              |
|GRB140223495|  17.408|   5.355312e+02|  -6.238280e-01| -2.330548e+00|
|GRB171023097|  64.257|   1.680370e+02|  -9.028553e-01| -2.453819e+00|
|GRB170127634|   1.728|   4.816834e+02|  -2.916098e-01| -2.152711e+00|
|GRB150511362|  31.232|   6.658561e+01|  -6.716425e-01| -1.893846e+00|
|GRB080904886|  17.344|   3.108964e+01|  -7.719296e-01| -2.513691e+00|
|GRB160625240|  10.752|   8.821818e+01|  -1.342280e+00| -2.546431e+00|
|GRB150426594|  22.528|   1.354202e+02|  -1.042863e+00| -2.842446e+00|
|GRB150318521|  94.720|   1.441356e+02|  -1.286357e+00| -7.299805e+00|
|GRB210815100|   7.168|               |               |              |
|GRB210125369|  68.864|               |               |              |
|GRB180110608|   1.536|               |               |              |
|GRB140511095|   1.408|   3.253508e+02|  -9.469624e-01| -3.344666e+00|
|GRB220306306|   4.925|               |               |              |
|GRB150227702|  17.408|   1.904589e+01|   3.428980e-01| -2.186000e+00|
|GRB090109332|   1.728|   1.904143e+02|  -1.328805e+00| -1.942074e+00|
|GRB191203290|   0.832|               |               |              |
|GRB180703949|   1.536|   1.265720e+02|  -7.062434e-01| -2.959247e+00|
|GRB111221739|  27.136|   1.274345e+03|  -9.371233e-01| -3.193085e+00|
|GRB170730133|   6.656|   6.448107e+01|  -6.518039e-01| -3.158569e+00|
|GRB120703726|   8.960|   3.217761e+02|  -1.081516e+00| -5.687032e+00|
|GRB170910368|  27.392|   6.563945e+01|  -6.234328e-01| -2.565006e+00|
|GRB181126413|   2.112|               |               |              |
|GRB220624316|   2.176|               |               |              |
|GRB161117066| 122.178|   8.066521e+01|  -8.111083e-01| -3.022733e+00|
|GRB100306199|   7.168|   8.635228e+00|  -7.696862e-01| -1.511168e+00|
|GRB110703557|   6.720|   1.009970e+02|  -1.121446e+00| -5.488162e+00|
|GRB140901262|  65.025|   1.506182e+02|  -7.350095e-01| -3.762243e+00|
|GRB091123298| 624.459|   4.572306e+01|  -6.825419e-02| -1.748767e+00|
|GRB161220605|  41.729|   1.362242e+02|  -7.712625e-01| -2.280203e+00|
