keV right bin edge,keV bin count,Poission error
10.0,-9999,-9999.0
12.58925,0,0.0
15.84893,0,0.0
19.95262,0,0.0
25.11886,0,0.0
31.62278,0,0.0
39.81072,0,0.0
50.11872,1,1.0
63.09573,0,0.0
79.43282,0,0.0
100.0,0,0.0
125.8925,0,0.0
158.4893,0,0.0
199.5262,0,0.0
251.1886,189,13.74772708486752
316.2278,818,28.600699292150182
398.1072,1711,41.36423575989287
501.1872,2372,48.703182647543684
630.9573,1752,41.8568990729127
794.3282,1146,33.85262175962151
1000.0,954,30.886890422961002
1258.925,719,26.814175355583846
1584.893,576,24.0
1995.262,404,20.09975124224178
2511.886,307,17.52141546793523
3162.278,242,15.556349186104045
3981.072,194,13.92838827718412
5011.872,157,12.529964086141668
6309.573,138,11.74734012447073
7943.282,114,10.677078252031311
10000.0,104,10.198039027185569
12589.25,89,9.433981132056603
15848.93,89,9.433981132056603
19952.62,105,10.246950765959598
25118.86,172,13.114877048604
31622.78,709,26.627053911388696
39810.72,376,19.390719429665317
50118.72,18,4.242640687119285
63095.73,0,0.0
79432.82,0,0.0
100000.0,0,0.0
