keV right bin edge,keV bin count,Poission error
10.0,-9999,-9999.0
12.58925,0,0.0
15.84893,0,0.0
19.95262,0,0.0
25.11886,0,0.0
31.62278,0,0.0
39.81072,0,0.0
50.11872,0,0.0
63.09573,0,0.0
79.43282,0,0.0
100.0,0,0.0
125.8925,0,0.0
158.4893,0,0.0
199.5262,0,0.0
251.1886,149,12.206555615733702
316.2278,501,22.38302928559939
398.1072,1364,36.932370625238775
501.1872,3002,54.7905101272109
630.9573,2344,48.41487374764082
794.3282,1559,39.48417404479927
1000.0,1667,40.82891132518721
1258.925,1329,36.45545226711637
1584.893,1134,33.67491648096547
1995.262,1019,31.921779399024736
2511.886,812,28.495613697550013
3162.278,680,26.076809620810597
3981.072,565,23.769728648009426
5011.872,521,22.825424421026653
6309.573,430,20.73644135332772
7943.282,343,18.520259177452136
10000.0,360,18.973665961010276
12589.25,315,17.74823934929885
15848.93,284,16.852299546352718
19952.62,315,17.74823934929885
25118.86,545,23.345235059857504
31622.78,3389,58.215118311311535
39810.72,1658,40.718546143004666
50118.72,15,3.872983346207417
63095.73,0,0.0
79432.82,0,0.0
100000.0,0,0.0
