keV right bin edge,keV bin count,Poission error
10.0,-9999,-9999.0
12.58925,0,0.0
15.84893,0,0.0
19.95262,0,0.0
25.11886,0,0.0
31.62278,0,0.0
39.81072,0,0.0
50.11872,0,0.0
63.09573,0,0.0
79.43282,0,0.0
100.0,0,0.0
125.8925,0,0.0
158.4893,0,0.0
199.5262,0,0.0
251.1886,100,10.0
316.2278,422,20.54263858417414
398.1072,857,29.274562336608895
501.1872,2013,44.86646854834911
630.9573,1504,38.781438859330635
794.3282,1028,32.0624390837628
1000.0,1003,31.670175244226233
1258.925,842,29.017236257093817
1584.893,750,27.386127875258307
1995.262,676,26.0
2511.886,601,24.515301344262525
3162.278,510,22.58317958127243
3981.072,408,20.199009876724155
5011.872,370,19.235384061671343
6309.573,311,17.635192088548397
7943.282,289,17.0
10000.0,260,16.1245154965971
12589.25,240,15.491933384829668
15848.93,230,15.165750888103101
19952.62,273,16.522711641858304
25118.86,433,20.808652046684813
31622.78,2197,46.87216658103186
39810.72,989,31.448370387032774
50118.72,10,3.1622776601683795
63095.73,0,0.0
79432.82,0,0.0
100000.0,0,0.0
