keV right bin edge,keV bin count,Poission error
10.0,-9999,-9999.0
12.58925,0,0.0
15.84893,0,0.0
19.95262,0,0.0
25.11886,0,0.0
31.62278,0,0.0
39.81072,0,0.0
50.11872,0,0.0
63.09573,0,0.0
79.43282,0,0.0
100.0,0,0.0
125.8925,0,0.0
158.4893,0,0.0
199.5262,0,0.0
251.1886,20,4.47213595499958
316.2278,280,16.73320053068151
398.1072,607,24.63736998950984
501.1872,1555,39.433488306260706
630.9573,1415,37.61648574760805
794.3282,1029,32.07802986469088
1000.0,967,31.096623610932426
1258.925,852,29.189039038652847
1584.893,775,27.83882181415011
1995.262,635,25.199206336708304
2511.886,518,22.759613353482084
3162.278,414,20.346989949375804
3981.072,384,19.595917942265423
5011.872,350,18.708286933869708
6309.573,288,16.97056274847714
7943.282,252,15.874507866387544
10000.0,218,14.7648230602334
12589.25,209,14.45683229480096
15848.93,206,14.352700094407323
19952.62,236,15.362291495737216
25118.86,348,18.65475810617763
31622.78,1898,43.56604182158393
39810.72,842,29.017236257093817
50118.72,9,3.0
63095.73,0,0.0
79432.82,0,0.0
100000.0,0,0.0
