keV right bin edge,keV bin count,Poission error
10.0,-9999,-9999.0
12.58925,0,0.0
15.84893,0,0.0
19.95262,0,0.0
25.11886,0,0.0
31.62278,0,0.0
39.81072,0,0.0
50.11872,0,0.0
63.09573,0,0.0
79.43282,0,0.0
100.0,0,0.0
125.8925,0,0.0
158.4893,0,0.0
199.5262,0,0.0
251.1886,59,7.681145747868608
316.2278,275,16.583123951777
398.1072,447,21.142374511865974
501.1872,1309,36.180105030251084
630.9573,1288,35.888716889852724
794.3282,859,29.30870177950569
1000.0,850,29.154759474226502
1258.925,725,26.92582403567252
1584.893,667,25.826343140289914
1995.262,489,22.11334438749598
2511.886,414,20.346989949375804
3162.278,354,18.81488772222678
3981.072,279,16.703293088490067
5011.872,219,14.798648586948742
6309.573,215,14.66287829861518
7943.282,191,13.820274961085254
10000.0,183,13.527749258468683
12589.25,173,13.152946437965905
15848.93,160,12.649110640673518
19952.62,173,13.152946437965905
25118.86,337,18.35755975068582
31622.78,1407,37.5099986670221
39810.72,706,26.570660511172846
50118.72,8,2.8284271247461903
63095.73,0,0.0
79432.82,0,0.0
100000.0,0,0.0
