keV right bin edge,keV bin count,Poission error
10.0,-9999,-9999.0
12.58925,0,0.0
15.84893,0,0.0
19.95262,0,0.0
25.11886,0,0.0
31.62278,0,0.0
39.81072,0,0.0
50.11872,0,0.0
63.09573,0,0.0
79.43282,2,1.4142135623730951
100.0,0,0.0
125.8925,0,0.0
158.4893,0,0.0
199.5262,0,0.0
251.1886,310,17.60681686165901
316.2278,2204,46.94677837722201
398.1072,4110,64.10928169929842
501.1872,11803,108.6416126537157
630.9573,10064,100.31948963187563
794.3282,7363,85.8079250419214
1000.0,6838,82.6922003577121
1258.925,5975,77.29812416870153
1584.893,5039,70.9859140956852
1995.262,4341,65.88626564011653
2511.886,3587,59.89156868875618
3162.278,2954,54.35071296680477
3981.072,2460,49.59838707054898
5011.872,2096,45.78209256903839
6309.573,1877,43.32435804486894
7943.282,1602,40.024992192379
10000.0,1388,37.255872020394314
12589.25,1359,36.864617182333525
15848.93,1258,35.4682957019364
19952.62,1440,37.94733192202055
25118.86,2388,48.86716689148246
31622.78,12297,110.89183919477574
39810.72,5548,74.48489779814429
50118.72,58,7.615773105863909
63095.73,0,0.0
79432.82,0,0.0
100000.0,0,0.0
