keV right bin edge,keV bin count,Poission error
10.0,-9999,-9999.0
12.58925,0,0.0
15.84893,1,1.0
19.95262,0,0.0
25.11886,0,0.0
31.62278,0,0.0
39.81072,0,0.0
50.11872,0,0.0
63.09573,0,0.0
79.43282,0,0.0
100.0,0,0.0
125.8925,0,0.0
158.4893,0,0.0
199.5262,0,0.0
251.1886,27,5.196152422706632
316.2278,212,14.560219778561036
398.1072,339,18.411952639521967
501.1872,982,31.336879231984796
630.9573,918,30.298514815086232
794.3282,568,23.83275057562597
1000.0,556,23.57965224510319
1258.925,464,21.540659228538015
1584.893,483,21.97726097583591
1995.262,379,19.467922333931785
2511.886,285,16.881943016134134
3162.278,256,16.0
3981.072,212,14.560219778561036
5011.872,161,12.68857754044952
6309.573,147,12.12435565298214
7943.282,139,11.789826122551595
10000.0,133,11.532562594670797
12589.25,110,10.488088481701515
15848.93,120,10.954451150103322
19952.62,132,11.489125293076057
25118.86,156,12.489995996796797
31622.78,926,30.430248109405877
39810.72,432,20.784609690826528
50118.72,14,3.7416573867739413
63095.73,0,0.0
79432.82,0,0.0
100000.0,0,0.0
