keV right bin edge,keV bin count,Poission error
10.0,-9999,-9999.0
12.58925,0,0.0
15.84893,0,0.0
19.95262,0,0.0
25.11886,0,0.0
31.62278,0,0.0
39.81072,1,1.0
50.11872,0,0.0
63.09573,1,1.0
79.43282,0,0.0
100.0,0,0.0
125.8925,0,0.0
158.4893,0,0.0
199.5262,0,0.0
251.1886,194,13.92838827718412
316.2278,2562,50.61620293937506
398.1072,3952,62.864934582006846
501.1872,12271,110.77454581265499
630.9573,11428,106.90182411914213
794.3282,7814,88.39683252243827
1000.0,6944,83.33066662399864
1258.925,5795,76.12489737267302
1584.893,4817,69.40461079784254
1995.262,4059,63.7102817447859
2511.886,3280,57.271284253105414
3162.278,2604,51.02940328869229
3981.072,2000,44.721359549995796
5011.872,1868,43.22036556994862
6309.573,1581,39.761790704142086
7943.282,1424,37.73592452822641
10000.0,1223,34.97141690009142
12589.25,1081,32.87856444554719
15848.93,1042,32.28002478313795
19952.62,1101,33.18132004607411
25118.86,1811,42.555845661906424
31622.78,8390,91.59694318043589
39810.72,3975,63.047601064592456
50118.72,56,7.483314773547883
63095.73,0,0.0
79432.82,0,0.0
100000.0,0,0.0
