keV right bin edge,keV bin count,Poission error
10.0,-9999,-9999.0
12.58925,0,0.0
15.84893,0,0.0
19.95262,0,0.0
25.11886,0,0.0
31.62278,0,0.0
39.81072,0,0.0
50.11872,0,0.0
63.09573,0,0.0
79.43282,0,0.0
100.0,0,0.0
125.8925,0,0.0
158.4893,0,0.0
199.5262,0,0.0
251.1886,10,3.1622776601683795
316.2278,179,13.379088160259652
398.1072,248,15.748015748023622
501.1872,787,28.053520278211074
630.9573,632,25.13961017995307
794.3282,407,20.174241001832016
1000.0,440,20.97617696340303
1258.925,383,19.570385790780925
1584.893,342,18.49324200890693
1995.262,266,16.30950643030009
2511.886,204,14.2828568570857
3162.278,167,12.922847983320086
3981.072,128,11.313708498984761
5011.872,108,10.392304845413264
6309.573,81,9.0
7943.282,81,9.0
10000.0,68,8.246211251235321
12589.25,72,8.48528137423857
15848.93,83,9.1104335791443
19952.62,70,8.366600265340756
25118.86,106,10.295630140987
31622.78,478,21.863211109075447
39810.72,264,16.24807680927192
50118.72,5,2.23606797749979
63095.73,0,0.0
79432.82,0,0.0
100000.0,0,0.0
