keV right bin edge,keV bin count,Poission error
10.0,-9999,-9999.0
12.58925,0,0.0
15.84893,0,0.0
19.95262,0,0.0
25.11886,0,0.0
31.62278,0,0.0
39.81072,0,0.0
50.11872,0,0.0
63.09573,0,0.0
79.43282,0,0.0
100.0,0,0.0
125.8925,0,0.0
158.4893,0,0.0
199.5262,0,0.0
251.1886,37,6.082762530298219
316.2278,191,13.820274961085254
398.1072,390,19.748417658131498
501.1872,1013,31.827660925679098
630.9573,946,30.757112998459398
794.3282,696,26.38181191654584
1000.0,587,24.228082879171435
1258.925,576,24.0
1584.893,433,20.808652046684813
1995.262,347,18.627936010197157
2511.886,262,16.186414056238647
3162.278,218,14.7648230602334
3981.072,165,12.84523257866513
5011.872,122,11.045361017187261
6309.573,114,10.677078252031311
7943.282,99,9.9498743710662
10000.0,87,9.327379053088816
12589.25,76,8.717797887081348
15848.93,78,8.831760866327848
19952.62,84,9.16515138991168
25118.86,124,11.135528725660043
31622.78,580,24.08318915758459
39810.72,256,16.0
50118.72,7,2.6457513110645907
63095.73,0,0.0
79432.82,0,0.0
100000.0,0,0.0
