# Ti,Tf,Counts
-0.470,-0.468,2.00
-0.468,-0.466,1.00
-0.466,-0.464,1.00
-0.464,-0.462,3.00
-0.462,-0.460,1.00
-0.460,-0.458,3.00
-0.458,-0.456,1.00
-0.456,-0.454,3.00
-0.454,-0.452,3.00
-0.452,-0.450,4.00
-0.450,-0.448,3.00
-0.448,-0.446,5.00
-0.446,-0.444,1.00
-0.444,-0.442,1.00
-0.442,-0.440,1.00
-0.440,-0.438,1.00
-0.438,-0.436,0.00
-0.436,-0.434,4.00
-0.434,-0.432,2.00
-0.432,-0.430,4.00
-0.430,-0.428,2.00
-0.428,-0.426,1.00
-0.426,-0.424,3.00
-0.424,-0.422,3.00
-0.422,-0.420,1.00
-0.420,-0.418,4.00
-0.418,-0.416,2.00
-0.416,-0.414,3.00
-0.414,-0.412,1.00
-0.412,-0.410,5.00
-0.410,-0.408,1.00
-0.408,-0.406,1.00
-0.406,-0.404,1.00
-0.404,-0.402,3.00
-0.402,-0.400,6.00
-0.400,-0.398,0.00
-0.398,-0.396,1.00
-0.396,-0.394,1.00
-0.394,-0.392,2.00
-0.392,-0.390,2.00
-0.390,-0.388,0.00
-0.388,-0.386,3.00
-0.386,-0.384,3.00
-0.384,-0.382,2.00
-0.382,-0.380,4.00
-0.380,-0.378,2.00
-0.378,-0.376,6.00
-0.376,-0.374,2.00
-0.374,-0.372,2.00
-0.372,-0.370,6.00
-0.370,-0.368,3.00
-0.368,-0.366,6.00
-0.366,-0.364,1.00
-0.364,-0.362,5.00
-0.362,-0.360,5.00
-0.360,-0.358,2.00
-0.358,-0.356,2.00
-0.356,-0.354,2.00
-0.354,-0.352,0.00
-0.352,-0.350,0.00
-0.350,-0.348,0.00
-0.348,-0.346,2.00
-0.346,-0.344,1.00
-0.344,-0.342,3.00
-0.342,-0.340,1.00
-0.340,-0.338,0.00
-0.338,-0.336,2.00
-0.336,-0.334,2.00
-0.334,-0.332,2.00
-0.332,-0.330,3.00
-0.330,-0.328,5.00
-0.328,-0.326,0.00
-0.326,-0.324,2.00
-0.324,-0.322,1.00
-0.322,-0.320,3.00
-0.320,-0.318,2.00
-0.318,-0.316,5.00
-0.316,-0.314,5.00
-0.314,-0.312,1.00
-0.312,-0.310,3.00
-0.310,-0.308,4.00
-0.308,-0.306,4.00
-0.306,-0.304,1.00
-0.304,-0.302,1.00
-0.302,-0.300,2.00
-0.300,-0.298,1.00
-0.298,-0.296,4.00
-0.296,-0.294,0.00
-0.294,-0.292,5.00
-0.292,-0.290,0.00
-0.290,-0.288,2.00
-0.288,-0.286,3.00
-0.286,-0.284,0.00
-0.284,-0.282,6.00
-0.282,-0.280,1.00
-0.280,-0.278,2.00
-0.278,-0.276,1.00
-0.276,-0.274,2.00
-0.274,-0.272,0.00
-0.272,-0.270,1.00
-0.270,-0.268,1.00
-0.268,-0.266,1.00
-0.266,-0.264,4.00
-0.264,-0.262,3.00
-0.262,-0.260,4.00
-0.260,-0.258,2.00
-0.258,-0.256,2.00
-0.256,-0.254,4.00
-0.254,-0.252,3.00
-0.252,-0.250,5.00
-0.250,-0.248,4.00
-0.248,-0.246,1.00
-0.246,-0.244,4.00
-0.244,-0.242,1.00
-0.242,-0.240,2.00
-0.240,-0.238,2.00
-0.238,-0.236,2.00
-0.236,-0.234,3.00
-0.234,-0.232,0.00
-0.232,-0.230,1.00
-0.230,-0.228,2.00
-0.228,-0.226,0.00
-0.226,-0.224,4.00
-0.224,-0.222,3.00
-0.222,-0.220,0.00
-0.220,-0.218,4.00
-0.218,-0.216,2.00
-0.216,-0.214,3.00
-0.214,-0.212,1.00
-0.212,-0.210,3.00
-0.210,-0.208,3.00
-0.208,-0.206,3.00
-0.206,-0.204,3.00
-0.204,-0.202,3.00
-0.202,-0.200,5.00
-0.200,-0.198,2.00
-0.198,-0.196,2.00
-0.196,-0.194,2.00
-0.194,-0.192,5.00
-0.192,-0.190,2.00
-0.190,-0.188,4.00
-0.188,-0.186,2.00
-0.186,-0.184,2.00
-0.184,-0.182,3.00
-0.182,-0.180,2.00
-0.180,-0.178,4.00
-0.178,-0.176,1.00
-0.176,-0.174,0.00
-0.174,-0.172,1.00
-0.172,-0.170,1.00
-0.170,-0.168,0.00
-0.168,-0.166,1.00
-0.166,-0.164,2.00
-0.164,-0.162,7.00
-0.162,-0.160,1.00
-0.160,-0.158,2.00
-0.158,-0.156,2.00
-0.156,-0.154,2.00
-0.154,-0.152,1.00
-0.152,-0.150,0.00
-0.150,-0.148,2.00
-0.148,-0.146,3.00
-0.146,-0.144,3.00
-0.144,-0.142,3.00
-0.142,-0.140,3.00
-0.140,-0.138,2.00
-0.138,-0.136,4.00
-0.136,-0.134,3.00
-0.134,-0.132,3.00
-0.132,-0.130,1.00
-0.130,-0.128,7.00
-0.128,-0.126,1.00
-0.126,-0.124,1.00
-0.124,-0.122,5.00
-0.122,-0.120,1.00
-0.120,-0.118,2.00
-0.118,-0.116,4.00
-0.116,-0.114,0.00
-0.114,-0.112,0.00
-0.112,-0.110,2.00
-0.110,-0.108,2.00
-0.108,-0.106,2.00
-0.106,-0.104,0.00
-0.104,-0.102,0.00
-0.102,-0.100,5.00
-0.100,-0.098,3.00
-0.098,-0.096,0.00
-0.096,-0.094,4.00
-0.094,-0.092,4.00
-0.092,-0.090,2.00
-0.090,-0.088,3.00
-0.088,-0.086,2.00
-0.086,-0.084,3.00
-0.084,-0.082,2.00
-0.082,-0.080,5.00
-0.080,-0.078,1.00
-0.078,-0.076,4.00
-0.076,-0.074,2.00
-0.074,-0.072,4.00
-0.072,-0.070,5.00
-0.070,-0.068,7.00
-0.068,-0.066,4.00
-0.066,-0.064,3.00
-0.064,-0.062,3.00
-0.062,-0.060,0.00
-0.060,-0.058,2.00
-0.058,-0.056,1.00
-0.056,-0.054,2.00
-0.054,-0.052,1.00
-0.052,-0.050,4.00
-0.050,-0.048,1.00
-0.048,-0.046,1.00
-0.046,-0.044,2.00
-0.044,-0.042,2.00
-0.042,-0.040,1.00
-0.040,-0.038,3.00
-0.038,-0.036,3.00
-0.036,-0.034,3.00
-0.034,-0.032,1.00
-0.032,-0.030,2.00
-0.030,-0.028,1.00
-0.028,-0.026,1.00
-0.026,-0.024,3.00
-0.024,-0.022,7.00
-0.022,-0.020,4.00
-0.020,-0.018,1.00
-0.018,-0.016,4.00
-0.016,-0.014,0.00
-0.014,-0.012,3.00
-0.012,-0.010,2.00
-0.010,-0.008,5.00
-0.008,-0.006,0.00
-0.006,-0.004,1.00
-0.004,-0.002,4.00
-0.002,0.000,1.00
0.000,0.002,1.00
0.002,0.004,2.00
0.004,0.006,2.00
0.006,0.008,3.00
0.008,0.010,2.00
0.010,0.012,1.00
0.012,0.014,5.00
0.014,0.016,0.00
0.016,0.018,2.00
0.018,0.020,4.00
0.020,0.022,7.00
0.022,0.024,1.00
0.024,0.026,5.00
0.026,0.028,0.00
0.028,0.030,1.00
0.030,0.032,1.00
0.032,0.034,0.00
0.034,0.036,1.00
0.036,0.038,5.00
0.038,0.040,1.00
0.040,0.042,1.00
0.042,0.044,3.00
0.044,0.046,0.00
0.046,0.048,3.00
0.048,0.050,2.00
0.050,0.052,4.00
0.052,0.054,4.00
0.054,0.056,2.00
0.056,0.058,6.00
0.058,0.060,0.00
0.060,0.062,7.00
0.062,0.064,1.00
0.064,0.066,2.00
0.066,0.068,6.00
0.068,0.070,1.00
0.070,0.072,4.00
0.072,0.074,2.00
0.074,0.076,2.00
0.076,0.078,3.00
0.078,0.080,1.00
0.080,0.082,6.00
0.082,0.084,1.00
0.084,0.086,6.00
0.086,0.088,3.00
0.088,0.090,5.00
0.090,0.092,5.00
0.092,0.094,2.00
0.094,0.096,1.00
0.096,0.098,1.00
0.098,0.100,5.00
0.100,0.102,3.00
0.102,0.104,6.00
0.104,0.106,1.00
0.106,0.108,2.00
0.108,0.110,3.00
0.110,0.112,5.00
0.112,0.114,2.00
0.114,0.116,0.00
0.116,0.118,2.00
0.118,0.120,5.00
0.120,0.122,4.00
0.122,0.124,5.00
0.124,0.126,6.00
0.126,0.128,6.00
0.128,0.130,5.00
0.130,0.132,2.00
0.132,0.134,4.00
0.134,0.136,2.00
0.136,0.138,4.00
0.138,0.140,2.00
0.140,0.142,1.00
0.142,0.144,3.00
0.144,0.146,1.00
0.146,0.148,2.00
0.148,0.150,4.00
0.150,0.152,2.00
0.152,0.154,2.00
0.154,0.156,5.00
0.156,0.158,4.00
0.158,0.160,4.00
0.160,0.162,2.00
0.162,0.164,0.00
0.164,0.166,1.00
0.166,0.168,2.00
0.168,0.170,3.00
0.170,0.172,3.00
0.172,0.174,3.00
0.174,0.176,1.00
0.176,0.178,2.00
0.178,0.180,3.00
0.180,0.182,0.00
0.182,0.184,4.00
0.184,0.186,1.00
0.186,0.188,4.00
0.188,0.190,0.00
0.190,0.192,1.00
0.192,0.194,3.00
0.194,0.196,2.00
0.196,0.198,3.00
0.198,0.200,3.00
0.200,0.202,2.00
0.202,0.204,2.00
0.204,0.206,2.00
0.206,0.208,5.00
0.208,0.210,0.00
0.210,0.212,2.00
0.212,0.214,3.00
0.214,0.216,3.00
0.216,0.218,2.00
0.218,0.220,3.00
0.220,0.222,2.00
0.222,0.224,0.00
0.224,0.226,5.00
0.226,0.228,2.00
0.228,0.230,3.00
0.230,0.232,4.00
0.232,0.234,6.00
0.234,0.236,0.00
0.236,0.238,4.00
0.238,0.240,0.00
0.240,0.242,0.00
0.242,0.244,0.00
0.244,0.246,1.00
0.246,0.248,2.00
0.248,0.250,3.00
0.250,0.252,3.00
0.252,0.254,3.00
0.254,0.256,1.00
0.256,0.258,5.00
0.258,0.260,1.00
0.260,0.262,1.00
0.262,0.264,6.00
0.264,0.266,3.00
0.266,0.268,7.00
0.268,0.270,7.00
0.270,0.272,3.00
0.272,0.274,0.00
0.274,0.276,0.00
0.276,0.278,0.00
0.278,0.280,2.00
0.280,0.282,3.00
0.282,0.284,2.00
0.284,0.286,1.00
0.286,0.288,3.00
0.288,0.290,1.00
0.290,0.292,4.00
0.292,0.294,3.00
0.294,0.296,2.00
0.296,0.298,1.00
0.298,0.300,1.00
0.300,0.302,3.00
0.302,0.304,2.00
0.304,0.306,6.00
0.306,0.308,2.00
0.308,0.310,6.00
0.310,0.312,3.00
0.312,0.314,2.00
0.314,0.316,2.00
0.316,0.318,2.00
0.318,0.320,4.00
0.320,0.322,0.00
0.322,0.324,3.00
0.324,0.326,3.00
0.326,0.328,1.00
0.328,0.330,0.00
0.330,0.332,7.00
0.332,0.334,4.00
0.334,0.336,3.00
0.336,0.338,5.00
0.338,0.340,0.00
0.340,0.342,0.00
0.342,0.344,0.00
0.344,0.346,6.00
0.346,0.348,5.00
0.348,0.350,0.00
0.350,0.352,2.00
0.352,0.354,4.00
0.354,0.356,3.00
0.356,0.358,0.00
0.358,0.360,8.00
0.360,0.362,5.00
0.362,0.364,2.00
0.364,0.366,2.00
0.366,0.368,3.00
0.368,0.370,5.00
0.370,0.372,1.00
0.372,0.374,3.00
0.374,0.376,2.00
0.376,0.378,5.00
0.378,0.380,1.00
0.380,0.382,1.00
0.382,0.384,5.00
0.384,0.386,4.00
0.386,0.388,4.00
0.388,0.390,3.00
0.390,0.392,1.00
0.392,0.394,3.00
0.394,0.396,1.00
0.396,0.398,1.00
0.398,0.400,6.00
0.400,0.402,3.00
0.402,0.404,3.00
0.404,0.406,2.00
0.406,0.408,1.00
0.408,0.410,3.00
0.410,0.412,5.00
0.412,0.414,2.00
0.414,0.416,1.00
0.416,0.418,3.00
0.418,0.420,5.00
0.420,0.422,0.00
0.422,0.424,4.00
0.424,0.426,2.00
0.426,0.428,2.00
0.428,0.430,5.00
0.430,0.432,3.00
0.432,0.434,2.00
0.434,0.436,5.00
0.436,0.438,7.00
0.438,0.440,1.00
0.440,0.442,2.00
0.442,0.444,3.00
0.444,0.446,1.00
0.446,0.448,4.00
0.448,0.450,5.00
0.450,0.452,3.00
0.452,0.454,4.00
0.454,0.456,3.00
0.456,0.458,5.00
0.458,0.460,4.00
0.460,0.462,4.00
0.462,0.464,4.00
0.464,0.466,4.00
0.466,0.468,2.00
0.468,0.470,4.00
0.470,0.472,1.00
0.472,0.474,2.00
0.474,0.476,2.00
0.476,0.478,2.00
0.478,0.480,3.00
0.480,0.482,0.00
0.482,0.484,2.00
0.484,0.486,1.00
0.486,0.488,2.00
0.488,0.490,4.00
0.490,0.492,3.00
0.492,0.494,3.00
0.494,0.496,0.00
0.496,0.498,4.00
0.498,0.500,2.00
0.500,0.502,3.00
0.502,0.504,7.00
0.504,0.506,3.00
0.506,0.508,5.00
0.508,0.510,3.00
0.510,0.512,0.00
0.512,0.514,3.00
0.514,0.516,5.00
0.516,0.518,4.00
0.518,0.520,5.00
0.520,0.522,6.00
0.522,0.524,9.00
0.524,0.526,4.00
0.526,0.528,8.00
0.528,0.530,18.00
0.530,0.532,34.00
0.532,0.534,23.00
0.534,0.536,35.00
0.536,0.538,25.00
0.538,0.540,13.00
0.540,0.542,13.00
0.542,0.544,24.00
0.544,0.546,14.00
0.546,0.548,29.00
0.548,0.550,22.00
0.550,0.552,9.00
0.552,0.554,19.00
0.554,0.556,22.00
0.556,0.558,20.00
0.558,0.560,19.00
0.560,0.562,19.00
0.562,0.564,14.00
0.564,0.566,10.00
0.566,0.568,17.00
0.568,0.570,10.00
0.570,0.572,3.00
0.572,0.574,5.00
0.574,0.576,13.00
0.576,0.578,7.00
0.578,0.580,5.00
0.580,0.582,6.00
0.582,0.584,4.00
0.584,0.586,1.00
0.586,0.588,2.00
0.588,0.590,1.00
0.590,0.592,1.00
0.592,0.594,1.00
0.594,0.596,6.00
0.596,0.598,3.00
0.598,0.600,4.00
0.600,0.602,3.00
0.602,0.604,4.00
0.604,0.606,4.00
0.606,0.608,2.00
0.608,0.610,1.00
0.610,0.612,6.00
0.612,0.614,1.00
0.614,0.616,2.00
0.616,0.618,4.00
0.618,0.620,1.00
0.620,0.622,4.00
0.622,0.624,1.00
0.624,0.626,5.00
0.626,0.628,4.00
0.628,0.630,1.00
0.630,0.632,1.00
0.632,0.634,3.00
0.634,0.636,0.00
0.636,0.638,1.00
0.638,0.640,1.00
0.640,0.642,4.00
0.642,0.644,1.00
0.644,0.646,4.00
0.646,0.648,2.00
0.648,0.650,1.00
0.650,0.652,3.00
0.652,0.654,1.00
0.654,0.656,1.00
0.656,0.658,5.00
0.658,0.660,4.00
0.660,0.662,2.00
0.662,0.664,0.00
0.664,0.666,1.00
0.666,0.668,5.00
0.668,0.670,3.00
0.670,0.672,4.00
0.672,0.674,1.00
0.674,0.676,0.00
0.676,0.678,6.00
0.678,0.680,2.00
0.680,0.682,3.00
0.682,0.684,2.00
0.684,0.686,1.00
0.686,0.688,1.00
0.688,0.690,1.00
0.690,0.692,2.00
0.692,0.694,3.00
0.694,0.696,5.00
0.696,0.698,4.00
0.698,0.700,2.00
0.700,0.702,1.00
0.702,0.704,1.00
0.704,0.706,6.00
0.706,0.708,3.00
0.708,0.710,2.00
0.710,0.712,5.00
0.712,0.714,0.00
0.714,0.716,1.00
0.716,0.718,2.00
0.718,0.720,2.00
0.720,0.722,3.00
0.722,0.724,4.00
0.724,0.726,2.00
0.726,0.728,2.00
0.728,0.730,4.00
0.730,0.732,5.00
0.732,0.734,2.00
0.734,0.736,3.00
0.736,0.738,1.00
0.738,0.740,3.00
0.740,0.742,2.00
0.742,0.744,1.00
0.744,0.746,3.00
0.746,0.748,5.00
0.748,0.750,3.00
0.750,0.752,5.00
0.752,0.754,4.00
0.754,0.756,3.00
0.756,0.758,2.00
0.758,0.760,2.00
0.760,0.762,0.00
0.762,0.764,6.00
0.764,0.766,3.00
0.766,0.768,4.00
0.768,0.770,0.00
0.770,0.772,1.00
0.772,0.774,5.00
0.774,0.776,4.00
0.776,0.778,1.00
0.778,0.780,1.00
0.780,0.782,5.00
0.782,0.784,1.00
0.784,0.786,4.00
0.786,0.788,3.00
0.788,0.790,1.00
0.790,0.792,3.00
0.792,0.794,3.00
0.794,0.796,3.00
0.796,0.798,7.00
0.798,0.800,2.00
0.800,0.802,2.00
0.802,0.804,7.00
0.804,0.806,0.00
0.806,0.808,1.00
0.808,0.810,2.00
0.810,0.812,2.00
0.812,0.814,4.00
0.814,0.816,1.00
0.816,0.818,0.00
0.818,0.820,4.00
0.820,0.822,2.00
0.822,0.824,1.00
0.824,0.826,2.00
0.826,0.828,1.00
0.828,0.830,3.00
0.830,0.832,4.00
0.832,0.834,5.00
0.834,0.836,0.00
0.836,0.838,4.00
0.838,0.840,4.00
0.840,0.842,1.00
0.842,0.844,4.00
0.844,0.846,0.00
0.846,0.848,1.00
0.848,0.850,5.00
0.850,0.852,2.00
0.852,0.854,3.00
0.854,0.856,3.00
0.856,0.858,5.00
0.858,0.860,2.00
0.860,0.862,1.00
0.862,0.864,3.00
0.864,0.866,3.00
0.866,0.868,3.00
0.868,0.870,0.00
0.870,0.872,0.00
0.872,0.874,3.00
0.874,0.876,3.00
0.876,0.878,2.00
0.878,0.880,0.00
0.880,0.882,2.00
0.882,0.884,2.00
0.884,0.886,5.00
0.886,0.888,1.00
0.888,0.890,2.00
0.890,0.892,1.00
0.892,0.894,2.00
0.894,0.896,3.00
0.896,0.898,1.00
0.898,0.900,5.00
0.900,0.902,2.00
0.902,0.904,2.00
0.904,0.906,6.00
0.906,0.908,6.00
0.908,0.910,3.00
0.910,0.912,6.00
0.912,0.914,1.00
0.914,0.916,1.00
0.916,0.918,4.00
0.918,0.920,2.00
0.920,0.922,4.00
0.922,0.924,2.00
0.924,0.926,2.00
0.926,0.928,0.00
0.928,0.930,2.00
0.930,0.932,4.00
0.932,0.934,5.00
0.934,0.936,2.00
0.936,0.938,2.00
0.938,0.940,2.00
0.940,0.942,0.00
0.942,0.944,3.00
0.944,0.946,2.00
0.946,0.948,2.00
0.948,0.950,1.00
0.950,0.952,3.00
0.952,0.954,4.00
0.954,0.956,2.00
0.956,0.958,1.00
0.958,0.960,2.00
0.960,0.962,5.00
0.962,0.964,3.00
0.964,0.966,0.00
0.966,0.968,2.00
0.968,0.970,1.00
0.970,0.972,0.00
0.972,0.974,3.00
0.974,0.976,1.00
0.976,0.978,3.00
0.978,0.980,1.00
0.980,0.982,2.00
0.982,0.984,1.00
0.984,0.986,3.00
0.986,0.988,0.00
0.988,0.990,3.00
0.990,0.992,4.00
0.992,0.994,6.00
0.994,0.996,4.00
0.996,0.998,1.00
0.998,1.000,4.00
1.000,1.002,4.00
1.002,1.004,2.00
1.004,1.006,0.00
1.006,1.008,2.00
1.008,1.010,2.00
1.010,1.012,0.00
1.012,1.014,0.00
1.014,1.016,5.00
1.016,1.018,1.00
1.018,1.020,2.00
1.020,1.022,3.00
1.022,1.024,4.00
1.024,1.026,1.00
1.026,1.028,5.00
1.028,1.030,3.00
1.030,1.032,0.00
1.032,1.034,1.00
1.034,1.036,4.00
1.036,1.038,0.00
1.038,1.040,1.00
1.040,1.042,2.00
1.042,1.044,2.00
1.044,1.046,1.00
1.046,1.048,2.00
1.048,1.050,4.00
1.050,1.052,0.00
1.052,1.054,4.00
1.054,1.056,4.00
1.056,1.058,4.00
1.058,1.060,0.00
1.060,1.062,7.00
1.062,1.064,1.00
1.064,1.066,1.00
1.066,1.068,1.00
1.068,1.070,1.00
1.070,1.072,3.00
1.072,1.074,4.00
1.074,1.076,1.00
1.076,1.078,0.00
1.078,1.080,2.00
1.080,1.082,3.00
1.082,1.084,1.00
1.084,1.086,2.00
1.086,1.088,6.00
1.088,1.090,3.00
1.090,1.092,4.00
1.092,1.094,4.00
1.094,1.096,3.00
1.096,1.098,3.00
1.098,1.100,3.00
1.100,1.102,3.00
1.102,1.104,2.00
1.104,1.106,1.00
1.106,1.108,1.00
1.108,1.110,2.00
1.110,1.112,4.00
1.112,1.114,2.00
1.114,1.116,5.00
1.116,1.118,1.00
1.118,1.120,1.00
1.120,1.122,2.00
1.122,1.124,2.00
1.124,1.126,3.00
1.126,1.128,3.00
1.128,1.130,2.00
1.130,1.132,1.00
1.132,1.134,2.00
1.134,1.136,5.00
1.136,1.138,2.00
1.138,1.140,1.00
1.140,1.142,1.00
1.142,1.144,4.00
1.144,1.146,1.00
1.146,1.148,1.00
1.148,1.150,6.00
1.150,1.152,1.00
1.152,1.154,1.00
1.154,1.156,5.00
1.156,1.158,4.00
1.158,1.160,2.00
1.160,1.162,2.00
1.162,1.164,2.00
1.164,1.166,0.00
1.166,1.168,3.00
1.168,1.170,2.00
1.170,1.172,3.00
1.172,1.174,2.00
1.174,1.176,5.00
1.176,1.178,0.00
1.178,1.180,4.00
1.180,1.182,3.00
1.182,1.184,4.00
1.184,1.186,3.00
1.186,1.188,2.00
1.188,1.190,3.00
1.190,1.192,2.00
1.192,1.194,3.00
1.194,1.196,5.00
1.196,1.198,1.00
1.198,1.200,2.00
1.200,1.202,3.00
1.202,1.204,2.00
1.204,1.206,6.00
1.206,1.208,2.00
1.208,1.210,0.00
1.210,1.212,1.00
1.212,1.214,1.00
1.214,1.216,5.00
1.216,1.218,5.00
1.218,1.220,3.00
1.220,1.222,4.00
1.222,1.224,2.00
1.224,1.226,3.00
1.226,1.228,4.00
1.228,1.230,3.00
1.230,1.232,3.00
1.232,1.234,4.00
1.234,1.236,1.00
1.236,1.238,1.00
1.238,1.240,2.00
1.240,1.242,6.00
1.242,1.244,4.00
1.244,1.246,4.00
1.246,1.248,3.00
1.248,1.250,3.00
1.250,1.252,1.00
1.252,1.254,1.00
1.254,1.256,4.00
1.256,1.258,3.00
1.258,1.260,1.00
1.260,1.262,4.00
1.262,1.264,3.00
1.264,1.266,6.00
1.266,1.268,1.00
1.268,1.270,1.00
1.270,1.272,6.00
1.272,1.274,3.00
1.274,1.276,3.00
1.276,1.278,4.00
1.278,1.280,0.00
1.280,1.282,0.00
1.282,1.284,1.00
1.284,1.286,3.00
1.286,1.288,2.00
1.288,1.290,0.00
1.290,1.292,3.00
1.292,1.294,5.00
1.294,1.296,0.00
1.296,1.298,2.00
1.298,1.300,3.00
1.300,1.302,5.00
1.302,1.304,2.00
1.304,1.306,4.00
1.306,1.308,2.00
1.308,1.310,1.00
1.310,1.312,1.00
1.312,1.314,4.00
1.314,1.316,4.00
1.316,1.318,5.00
1.318,1.320,1.00
1.320,1.322,0.00
1.322,1.324,0.00
1.324,1.326,1.00
1.326,1.328,0.00
1.328,1.330,2.00
1.330,1.332,5.00
1.332,1.334,3.00
1.334,1.336,2.00
1.336,1.338,6.00
1.338,1.340,4.00
1.340,1.342,5.00
1.342,1.344,0.00
1.344,1.346,5.00
1.346,1.348,4.00
1.348,1.350,1.00
1.350,1.352,0.00
1.352,1.354,2.00
1.354,1.356,1.00
1.356,1.358,3.00
1.358,1.360,4.00
1.360,1.362,5.00
1.362,1.364,4.00
1.364,1.366,2.00
1.366,1.368,1.00
1.368,1.370,1.00
1.370,1.372,2.00
1.372,1.374,1.00
1.374,1.376,1.00
1.376,1.378,1.00
1.378,1.380,3.00
1.380,1.382,3.00
1.382,1.384,3.00
1.384,1.386,2.00
1.386,1.388,4.00
1.388,1.390,3.00
1.390,1.392,1.00
1.392,1.394,1.00
1.394,1.396,1.00
1.396,1.398,3.00
1.398,1.400,2.00
1.400,1.402,7.00
1.402,1.404,1.00
1.404,1.406,2.00
1.406,1.408,0.00
1.408,1.410,1.00
1.410,1.412,5.00
1.412,1.414,0.00
1.414,1.416,4.00
1.416,1.418,2.00
1.418,1.420,1.00
1.420,1.422,4.00
1.422,1.424,2.00
1.424,1.426,3.00
1.426,1.428,2.00
1.428,1.430,3.00
1.430,1.432,5.00
1.432,1.434,3.00
1.434,1.436,4.00
1.436,1.438,7.00
1.438,1.440,2.00
1.440,1.442,3.00
1.442,1.444,1.00
1.444,1.446,5.00
1.446,1.448,1.00
1.448,1.450,2.00
1.450,1.452,6.00
1.452,1.454,0.00
1.454,1.456,0.00
1.456,1.458,1.00
1.458,1.460,3.00
1.460,1.462,6.00
1.462,1.464,4.00
1.464,1.466,3.00
1.466,1.468,0.00
1.468,1.470,3.00
1.470,1.472,0.00
1.472,1.474,2.00
1.474,1.476,4.00
1.476,1.478,1.00
1.478,1.480,0.00
1.480,1.482,3.00
1.482,1.484,3.00
1.484,1.486,3.00
1.486,1.488,4.00
1.488,1.490,1.00
1.490,1.492,1.00
1.492,1.494,8.00
1.494,1.496,3.00
1.496,1.498,1.00
1.498,1.500,7.00
1.500,1.502,5.00
1.502,1.504,2.00
1.504,1.506,0.00
1.506,1.508,3.00
1.508,1.510,1.00
1.510,1.512,1.00
1.512,1.514,0.00
1.514,1.516,1.00
1.516,1.518,2.00
1.518,1.520,1.00
1.520,1.522,4.00
1.522,1.524,3.00
1.524,1.526,2.00
1.526,1.528,1.00
1.528,1.530,1.00
1.530,1.532,1.00
1.532,1.534,4.00
1.534,1.536,3.00
1.536,1.538,3.00
1.538,1.540,2.00
