# Ti,Tf,Counts
-0.470,-0.468,0.00
-0.468,-0.466,0.00
-0.466,-0.464,0.00
-0.464,-0.462,0.00
-0.462,-0.460,0.00
-0.460,-0.458,0.00
-0.458,-0.456,0.00
-0.456,-0.454,0.00
-0.454,-0.452,0.00
-0.452,-0.450,1.00
-0.450,-0.448,0.00
-0.448,-0.446,2.00
-0.446,-0.444,0.00
-0.444,-0.442,0.00
-0.442,-0.440,0.00
-0.440,-0.438,0.00
-0.438,-0.436,0.00
-0.436,-0.434,1.00
-0.434,-0.432,0.00
-0.432,-0.430,1.00
-0.430,-0.428,0.00
-0.428,-0.426,0.00
-0.426,-0.424,0.00
-0.424,-0.422,0.00
-0.422,-0.420,0.00
-0.420,-0.418,1.00
-0.418,-0.416,0.00
-0.416,-0.414,0.00
-0.414,-0.412,0.00
-0.412,-0.410,2.00
-0.410,-0.408,0.00
-0.408,-0.406,0.00
-0.406,-0.404,0.00
-0.404,-0.402,0.00
-0.402,-0.400,3.00
-0.400,-0.398,0.00
-0.398,-0.396,0.00
-0.396,-0.394,0.00
-0.394,-0.392,0.00
-0.392,-0.390,0.00
-0.390,-0.388,0.00
-0.388,-0.386,0.00
-0.386,-0.384,0.00
-0.384,-0.382,0.00
-0.382,-0.380,1.00
-0.380,-0.378,0.00
-0.378,-0.376,3.00
-0.376,-0.374,0.00
-0.374,-0.372,0.00
-0.372,-0.370,3.00
-0.370,-0.368,0.00
-0.368,-0.366,3.00
-0.366,-0.364,0.00
-0.364,-0.362,2.00
-0.362,-0.360,2.00
-0.360,-0.358,0.00
-0.358,-0.356,0.00
-0.356,-0.354,0.00
-0.354,-0.352,0.00
-0.352,-0.350,0.00
-0.350,-0.348,0.00
-0.348,-0.346,0.00
-0.346,-0.344,0.00
-0.344,-0.342,0.00
-0.342,-0.340,0.00
-0.340,-0.338,0.00
-0.338,-0.336,0.00
-0.336,-0.334,0.00
-0.334,-0.332,0.00
-0.332,-0.330,0.00
-0.330,-0.328,2.00
-0.328,-0.326,0.00
-0.326,-0.324,0.00
-0.324,-0.322,0.00
-0.322,-0.320,0.00
-0.320,-0.318,0.00
-0.318,-0.316,2.00
-0.316,-0.314,2.00
-0.314,-0.312,0.00
-0.312,-0.310,0.00
-0.310,-0.308,1.00
-0.308,-0.306,1.00
-0.306,-0.304,0.00
-0.304,-0.302,0.00
-0.302,-0.300,0.00
-0.300,-0.298,0.00
-0.298,-0.296,1.00
-0.296,-0.294,0.00
-0.294,-0.292,2.00
-0.292,-0.290,0.00
-0.290,-0.288,0.00
-0.288,-0.286,0.00
-0.286,-0.284,0.00
-0.284,-0.282,3.00
-0.282,-0.280,0.00
-0.280,-0.278,0.00
-0.278,-0.276,0.00
-0.276,-0.274,0.00
-0.274,-0.272,0.00
-0.272,-0.270,0.00
-0.270,-0.268,0.00
-0.268,-0.266,0.00
-0.266,-0.264,1.00
-0.264,-0.262,0.00
-0.262,-0.260,1.00
-0.260,-0.258,0.00
-0.258,-0.256,0.00
-0.256,-0.254,1.00
-0.254,-0.252,0.00
-0.252,-0.250,2.00
-0.250,-0.248,1.00
-0.248,-0.246,0.00
-0.246,-0.244,1.00
-0.244,-0.242,0.00
-0.242,-0.240,0.00
-0.240,-0.238,0.00
-0.238,-0.236,0.00
-0.236,-0.234,0.00
-0.234,-0.232,0.00
-0.232,-0.230,0.00
-0.230,-0.228,0.00
-0.228,-0.226,0.00
-0.226,-0.224,1.00
-0.224,-0.222,0.00
-0.222,-0.220,0.00
-0.220,-0.218,1.00
-0.218,-0.216,0.00
-0.216,-0.214,0.00
-0.214,-0.212,0.00
-0.212,-0.210,0.00
-0.210,-0.208,0.00
-0.208,-0.206,0.00
-0.206,-0.204,0.00
-0.204,-0.202,0.00
-0.202,-0.200,2.00
-0.200,-0.198,0.00
-0.198,-0.196,0.00
-0.196,-0.194,0.00
-0.194,-0.192,2.00
-0.192,-0.190,0.00
-0.190,-0.188,1.00
-0.188,-0.186,0.00
-0.186,-0.184,0.00
-0.184,-0.182,0.00
-0.182,-0.180,0.00
-0.180,-0.178,1.00
-0.178,-0.176,0.00
-0.176,-0.174,0.00
-0.174,-0.172,0.00
-0.172,-0.170,0.00
-0.170,-0.168,0.00
-0.168,-0.166,0.00
-0.166,-0.164,0.00
-0.164,-0.162,4.00
-0.162,-0.160,0.00
-0.160,-0.158,0.00
-0.158,-0.156,0.00
-0.156,-0.154,0.00
-0.154,-0.152,0.00
-0.152,-0.150,0.00
-0.150,-0.148,0.00
-0.148,-0.146,0.00
-0.146,-0.144,0.00
-0.144,-0.142,0.00
-0.142,-0.140,0.00
-0.140,-0.138,0.00
-0.138,-0.136,1.00
-0.136,-0.134,0.00
-0.134,-0.132,0.00
-0.132,-0.130,0.00
-0.130,-0.128,4.00
-0.128,-0.126,0.00
-0.126,-0.124,0.00
-0.124,-0.122,2.00
-0.122,-0.120,0.00
-0.120,-0.118,0.00
-0.118,-0.116,1.00
-0.116,-0.114,0.00
-0.114,-0.112,0.00
-0.112,-0.110,0.00
-0.110,-0.108,0.00
-0.108,-0.106,0.00
-0.106,-0.104,0.00
-0.104,-0.102,0.00
-0.102,-0.100,2.00
-0.100,-0.098,0.00
-0.098,-0.096,0.00
-0.096,-0.094,1.00
-0.094,-0.092,1.00
-0.092,-0.090,0.00
-0.090,-0.088,0.00
-0.088,-0.086,0.00
-0.086,-0.084,0.00
-0.084,-0.082,0.00
-0.082,-0.080,2.00
-0.080,-0.078,0.00
-0.078,-0.076,1.00
-0.076,-0.074,0.00
-0.074,-0.072,1.00
-0.072,-0.070,2.00
-0.070,-0.068,4.00
-0.068,-0.066,1.00
-0.066,-0.064,0.00
-0.064,-0.062,0.00
-0.062,-0.060,0.00
-0.060,-0.058,0.00
-0.058,-0.056,0.00
-0.056,-0.054,0.00
-0.054,-0.052,0.00
-0.052,-0.050,1.00
-0.050,-0.048,0.00
-0.048,-0.046,0.00
-0.046,-0.044,0.00
-0.044,-0.042,0.00
-0.042,-0.040,0.00
-0.040,-0.038,0.00
-0.038,-0.036,0.00
-0.036,-0.034,0.00
-0.034,-0.032,0.00
-0.032,-0.030,0.00
-0.030,-0.028,0.00
-0.028,-0.026,0.00
-0.026,-0.024,0.00
-0.024,-0.022,4.00
-0.022,-0.020,1.00
-0.020,-0.018,0.00
-0.018,-0.016,1.00
-0.016,-0.014,0.00
-0.014,-0.012,0.00
-0.012,-0.010,0.00
-0.010,-0.008,2.00
-0.008,-0.006,0.00
-0.006,-0.004,0.00
-0.004,-0.002,1.00
-0.002,0.000,0.00
0.000,0.002,0.00
0.002,0.004,0.00
0.004,0.006,0.00
0.006,0.008,0.00
0.008,0.010,0.00
0.010,0.012,0.00
0.012,0.014,2.00
0.014,0.016,0.00
0.016,0.018,0.00
0.018,0.020,1.00
0.020,0.022,4.00
0.022,0.024,0.00
0.024,0.026,2.00
0.026,0.028,0.00
0.028,0.030,0.00
0.030,0.032,0.00
0.032,0.034,0.00
0.034,0.036,0.00
0.036,0.038,2.00
0.038,0.040,0.00
0.040,0.042,0.00
0.042,0.044,0.00
0.044,0.046,0.00
0.046,0.048,0.00
0.048,0.050,0.00
0.050,0.052,1.00
0.052,0.054,1.00
0.054,0.056,0.00
0.056,0.058,3.00
0.058,0.060,0.00
0.060,0.062,4.00
0.062,0.064,0.00
0.064,0.066,0.00
0.066,0.068,3.00
0.068,0.070,0.00
0.070,0.072,1.00
0.072,0.074,0.00
0.074,0.076,0.00
0.076,0.078,0.00
0.078,0.080,0.00
0.080,0.082,3.00
0.082,0.084,0.00
0.084,0.086,3.00
0.086,0.088,0.00
0.088,0.090,2.00
0.090,0.092,2.00
0.092,0.094,0.00
0.094,0.096,0.00
0.096,0.098,0.00
0.098,0.100,2.00
0.100,0.102,0.00
0.102,0.104,3.00
0.104,0.106,0.00
0.106,0.108,0.00
0.108,0.110,0.00
0.110,0.112,2.00
0.112,0.114,0.00
0.114,0.116,0.00
0.116,0.118,0.00
0.118,0.120,2.00
0.120,0.122,1.00
0.122,0.124,2.00
0.124,0.126,3.00
0.126,0.128,3.00
0.128,0.130,2.00
0.130,0.132,0.00
0.132,0.134,1.00
0.134,0.136,0.00
0.136,0.138,1.00
0.138,0.140,0.00
0.140,0.142,0.00
0.142,0.144,0.00
0.144,0.146,0.00
0.146,0.148,0.00
0.148,0.150,1.00
0.150,0.152,0.00
0.152,0.154,0.00
0.154,0.156,2.00
0.156,0.158,1.00
0.158,0.160,1.00
0.160,0.162,0.00
0.162,0.164,0.00
0.164,0.166,0.00
0.166,0.168,0.00
0.168,0.170,0.00
0.170,0.172,0.00
0.172,0.174,0.00
0.174,0.176,0.00
0.176,0.178,0.00
0.178,0.180,0.00
0.180,0.182,0.00
0.182,0.184,1.00
0.184,0.186,0.00
0.186,0.188,1.00
0.188,0.190,0.00
0.190,0.192,0.00
0.192,0.194,0.00
0.194,0.196,0.00
0.196,0.198,0.00
0.198,0.200,0.00
0.200,0.202,0.00
0.202,0.204,0.00
0.204,0.206,0.00
0.206,0.208,2.00
0.208,0.210,0.00
0.210,0.212,0.00
0.212,0.214,0.00
0.214,0.216,0.00
0.216,0.218,0.00
0.218,0.220,0.00
0.220,0.222,0.00
0.222,0.224,0.00
0.224,0.226,2.00
0.226,0.228,0.00
0.228,0.230,0.00
0.230,0.232,1.00
0.232,0.234,3.00
0.234,0.236,0.00
0.236,0.238,1.00
0.238,0.240,0.00
0.240,0.242,0.00
0.242,0.244,0.00
0.244,0.246,0.00
0.246,0.248,0.00
0.248,0.250,0.00
0.250,0.252,0.00
0.252,0.254,0.00
0.254,0.256,0.00
0.256,0.258,2.00
0.258,0.260,0.00
0.260,0.262,0.00
0.262,0.264,3.00
0.264,0.266,0.00
0.266,0.268,4.00
0.268,0.270,4.00
0.270,0.272,0.00
0.272,0.274,0.00
0.274,0.276,0.00
0.276,0.278,0.00
0.278,0.280,0.00
0.280,0.282,0.00
0.282,0.284,0.00
0.284,0.286,0.00
0.286,0.288,0.00
0.288,0.290,0.00
0.290,0.292,1.00
0.292,0.294,0.00
0.294,0.296,0.00
0.296,0.298,0.00
0.298,0.300,0.00
0.300,0.302,0.00
0.302,0.304,0.00
0.304,0.306,3.00
0.306,0.308,0.00
0.308,0.310,3.00
0.310,0.312,0.00
0.312,0.314,0.00
0.314,0.316,0.00
0.316,0.318,0.00
0.318,0.320,1.00
0.320,0.322,0.00
0.322,0.324,0.00
0.324,0.326,0.00
0.326,0.328,0.00
0.328,0.330,0.00
0.330,0.332,4.00
0.332,0.334,1.00
0.334,0.336,0.00
0.336,0.338,2.00
0.338,0.340,0.00
0.340,0.342,0.00
0.342,0.344,0.00
0.344,0.346,3.00
0.346,0.348,2.00
0.348,0.350,0.00
0.350,0.352,0.00
0.352,0.354,1.00
0.354,0.356,0.00
0.356,0.358,0.00
0.358,0.360,5.00
0.360,0.362,2.00
0.362,0.364,0.00
0.364,0.366,0.00
0.366,0.368,0.00
0.368,0.370,2.00
0.370,0.372,0.00
0.372,0.374,0.00
0.374,0.376,0.00
0.376,0.378,2.00
0.378,0.380,0.00
0.380,0.382,0.00
0.382,0.384,2.00
0.384,0.386,1.00
0.386,0.388,1.00
0.388,0.390,0.00
0.390,0.392,0.00
0.392,0.394,0.00
0.394,0.396,0.00
0.396,0.398,0.00
0.398,0.400,3.00
0.400,0.402,0.00
0.402,0.404,0.00
0.404,0.406,0.00
0.406,0.408,0.00
0.408,0.410,0.00
0.410,0.412,2.00
0.412,0.414,0.00
0.414,0.416,0.00
0.416,0.418,0.00
0.418,0.420,2.00
0.420,0.422,0.00
0.422,0.424,1.00
0.424,0.426,0.00
0.426,0.428,0.00
0.428,0.430,2.00
0.430,0.432,0.00
0.432,0.434,0.00
0.434,0.436,2.00
0.436,0.438,4.00
0.438,0.440,0.00
0.440,0.442,0.00
0.442,0.444,0.00
0.444,0.446,0.00
0.446,0.448,1.00
0.448,0.450,2.00
0.450,0.452,0.00
0.452,0.454,1.00
0.454,0.456,0.00
0.456,0.458,2.00
0.458,0.460,1.00
0.460,0.462,1.00
0.462,0.464,1.00
0.464,0.466,1.00
0.466,0.468,0.00
0.468,0.470,1.00
0.470,0.472,0.00
0.472,0.474,0.00
0.474,0.476,0.00
0.476,0.478,0.00
0.478,0.480,0.00
0.480,0.482,0.00
0.482,0.484,0.00
0.484,0.486,0.00
0.486,0.488,0.00
0.488,0.490,1.00
0.490,0.492,0.00
0.492,0.494,0.00
0.494,0.496,0.00
0.496,0.498,1.00
0.498,0.500,0.00
0.500,0.502,0.00
0.502,0.504,4.00
0.504,0.506,0.00
0.506,0.508,2.00
0.508,0.510,0.00
0.510,0.512,0.00
0.512,0.514,0.00
0.514,0.516,2.00
0.516,0.518,1.00
0.518,0.520,2.00
0.520,0.522,3.00
0.522,0.524,6.00
0.524,0.526,1.00
0.526,0.528,5.00
0.528,0.530,15.00
0.530,0.532,31.00
0.532,0.534,20.00
0.534,0.536,32.00
0.536,0.538,22.00
0.538,0.540,10.00
0.540,0.542,10.00
0.542,0.544,21.00
0.544,0.546,11.00
0.546,0.548,26.00
0.548,0.550,19.00
0.550,0.552,6.00
0.552,0.554,16.00
0.554,0.556,19.00
0.556,0.558,17.00
0.558,0.560,16.00
0.560,0.562,16.00
0.562,0.564,11.00
0.564,0.566,7.00
0.566,0.568,14.00
0.568,0.570,7.00
0.570,0.572,0.00
0.572,0.574,2.00
0.574,0.576,10.00
0.576,0.578,4.00
0.578,0.580,2.00
0.580,0.582,3.00
0.582,0.584,1.00
0.584,0.586,0.00
0.586,0.588,0.00
0.588,0.590,0.00
0.590,0.592,0.00
0.592,0.594,0.00
0.594,0.596,3.00
0.596,0.598,0.00
0.598,0.600,1.00
0.600,0.602,0.00
0.602,0.604,1.00
0.604,0.606,1.00
0.606,0.608,0.00
0.608,0.610,0.00
0.610,0.612,3.00
0.612,0.614,0.00
0.614,0.616,0.00
0.616,0.618,1.00
0.618,0.620,0.00
0.620,0.622,1.00
0.622,0.624,0.00
0.624,0.626,2.00
0.626,0.628,1.00
0.628,0.630,0.00
0.630,0.632,0.00
0.632,0.634,0.00
0.634,0.636,0.00
0.636,0.638,0.00
0.638,0.640,0.00
0.640,0.642,1.00
0.642,0.644,0.00
0.644,0.646,1.00
0.646,0.648,0.00
0.648,0.650,0.00
0.650,0.652,0.00
0.652,0.654,0.00
0.654,0.656,0.00
0.656,0.658,2.00
0.658,0.660,1.00
0.660,0.662,0.00
0.662,0.664,0.00
0.664,0.666,0.00
0.666,0.668,2.00
0.668,0.670,0.00
0.670,0.672,1.00
0.672,0.674,0.00
0.674,0.676,0.00
0.676,0.678,3.00
0.678,0.680,0.00
0.680,0.682,0.00
0.682,0.684,0.00
0.684,0.686,0.00
0.686,0.688,0.00
0.688,0.690,0.00
0.690,0.692,0.00
0.692,0.694,0.00
0.694,0.696,2.00
0.696,0.698,1.00
0.698,0.700,0.00
0.700,0.702,0.00
0.702,0.704,0.00
0.704,0.706,3.00
0.706,0.708,0.00
0.708,0.710,0.00
0.710,0.712,2.00
0.712,0.714,0.00
0.714,0.716,0.00
0.716,0.718,0.00
0.718,0.720,0.00
0.720,0.722,0.00
0.722,0.724,1.00
0.724,0.726,0.00
0.726,0.728,0.00
0.728,0.730,1.00
0.730,0.732,2.00
0.732,0.734,0.00
0.734,0.736,0.00
0.736,0.738,0.00
0.738,0.740,0.00
0.740,0.742,0.00
0.742,0.744,0.00
0.744,0.746,0.00
0.746,0.748,2.00
0.748,0.750,0.00
0.750,0.752,2.00
0.752,0.754,1.00
0.754,0.756,0.00
0.756,0.758,0.00
0.758,0.760,0.00
0.760,0.762,0.00
0.762,0.764,3.00
0.764,0.766,0.00
0.766,0.768,1.00
0.768,0.770,0.00
0.770,0.772,0.00
0.772,0.774,2.00
0.774,0.776,1.00
0.776,0.778,0.00
0.778,0.780,0.00
0.780,0.782,2.00
0.782,0.784,0.00
0.784,0.786,1.00
0.786,0.788,0.00
0.788,0.790,0.00
0.790,0.792,0.00
0.792,0.794,0.00
0.794,0.796,0.00
0.796,0.798,4.00
0.798,0.800,0.00
0.800,0.802,0.00
0.802,0.804,4.00
0.804,0.806,0.00
0.806,0.808,0.00
0.808,0.810,0.00
0.810,0.812,0.00
0.812,0.814,1.00
0.814,0.816,0.00
0.816,0.818,0.00
0.818,0.820,1.00
0.820,0.822,0.00
0.822,0.824,0.00
0.824,0.826,0.00
0.826,0.828,0.00
0.828,0.830,0.00
0.830,0.832,1.00
0.832,0.834,2.00
0.834,0.836,0.00
0.836,0.838,1.00
0.838,0.840,1.00
0.840,0.842,0.00
0.842,0.844,1.00
0.844,0.846,0.00
0.846,0.848,0.00
0.848,0.850,2.00
0.850,0.852,0.00
0.852,0.854,0.00
0.854,0.856,0.00
0.856,0.858,2.00
0.858,0.860,0.00
0.860,0.862,0.00
0.862,0.864,0.00
0.864,0.866,0.00
0.866,0.868,0.00
0.868,0.870,0.00
0.870,0.872,0.00
0.872,0.874,0.00
0.874,0.876,0.00
0.876,0.878,0.00
0.878,0.880,0.00
0.880,0.882,0.00
0.882,0.884,0.00
0.884,0.886,2.00
0.886,0.888,0.00
0.888,0.890,0.00
0.890,0.892,0.00
0.892,0.894,0.00
0.894,0.896,0.00
0.896,0.898,0.00
0.898,0.900,2.00
0.900,0.902,0.00
0.902,0.904,0.00
0.904,0.906,3.00
0.906,0.908,3.00
0.908,0.910,0.00
0.910,0.912,3.00
0.912,0.914,0.00
0.914,0.916,0.00
0.916,0.918,1.00
0.918,0.920,0.00
0.920,0.922,1.00
0.922,0.924,0.00
0.924,0.926,0.00
0.926,0.928,0.00
0.928,0.930,0.00
0.930,0.932,1.00
0.932,0.934,2.00
0.934,0.936,0.00
0.936,0.938,0.00
0.938,0.940,0.00
0.940,0.942,0.00
0.942,0.944,0.00
0.944,0.946,0.00
0.946,0.948,0.00
0.948,0.950,0.00
0.950,0.952,0.00
0.952,0.954,1.00
0.954,0.956,0.00
0.956,0.958,0.00
0.958,0.960,0.00
0.960,0.962,2.00
0.962,0.964,0.00
0.964,0.966,0.00
0.966,0.968,0.00
0.968,0.970,0.00
0.970,0.972,0.00
0.972,0.974,0.00
0.974,0.976,0.00
0.976,0.978,0.00
0.978,0.980,0.00
0.980,0.982,0.00
0.982,0.984,0.00
0.984,0.986,0.00
0.986,0.988,0.00
0.988,0.990,0.00
0.990,0.992,1.00
0.992,0.994,3.00
0.994,0.996,1.00
0.996,0.998,0.00
0.998,1.000,1.00
1.000,1.002,1.00
1.002,1.004,0.00
1.004,1.006,0.00
1.006,1.008,0.00
1.008,1.010,0.00
1.010,1.012,0.00
1.012,1.014,0.00
1.014,1.016,2.00
1.016,1.018,0.00
1.018,1.020,0.00
1.020,1.022,0.00
1.022,1.024,1.00
1.024,1.026,0.00
1.026,1.028,2.00
1.028,1.030,0.00
1.030,1.032,0.00
1.032,1.034,0.00
1.034,1.036,1.00
1.036,1.038,0.00
1.038,1.040,0.00
1.040,1.042,0.00
1.042,1.044,0.00
1.044,1.046,0.00
1.046,1.048,0.00
1.048,1.050,1.00
1.050,1.052,0.00
1.052,1.054,1.00
1.054,1.056,1.00
1.056,1.058,1.00
1.058,1.060,0.00
1.060,1.062,4.00
1.062,1.064,0.00
1.064,1.066,0.00
1.066,1.068,0.00
1.068,1.070,0.00
1.070,1.072,0.00
1.072,1.074,1.00
1.074,1.076,0.00
1.076,1.078,0.00
1.078,1.080,0.00
1.080,1.082,0.00
1.082,1.084,0.00
1.084,1.086,0.00
1.086,1.088,3.00
1.088,1.090,0.00
1.090,1.092,1.00
1.092,1.094,1.00
1.094,1.096,0.00
1.096,1.098,0.00
1.098,1.100,0.00
1.100,1.102,0.00
1.102,1.104,0.00
1.104,1.106,0.00
1.106,1.108,0.00
1.108,1.110,0.00
1.110,1.112,1.00
1.112,1.114,0.00
1.114,1.116,2.00
1.116,1.118,0.00
1.118,1.120,0.00
1.120,1.122,0.00
1.122,1.124,0.00
1.124,1.126,0.00
1.126,1.128,0.00
1.128,1.130,0.00
1.130,1.132,0.00
1.132,1.134,0.00
1.134,1.136,2.00
1.136,1.138,0.00
1.138,1.140,0.00
1.140,1.142,0.00
1.142,1.144,1.00
1.144,1.146,0.00
1.146,1.148,0.00
1.148,1.150,3.00
1.150,1.152,0.00
1.152,1.154,0.00
1.154,1.156,2.00
1.156,1.158,1.00
1.158,1.160,0.00
1.160,1.162,0.00
1.162,1.164,0.00
1.164,1.166,0.00
1.166,1.168,0.00
1.168,1.170,0.00
1.170,1.172,0.00
1.172,1.174,0.00
1.174,1.176,2.00
1.176,1.178,0.00
1.178,1.180,1.00
1.180,1.182,0.00
1.182,1.184,1.00
1.184,1.186,0.00
1.186,1.188,0.00
1.188,1.190,0.00
1.190,1.192,0.00
1.192,1.194,0.00
1.194,1.196,2.00
1.196,1.198,0.00
1.198,1.200,0.00
1.200,1.202,0.00
1.202,1.204,0.00
1.204,1.206,3.00
1.206,1.208,0.00
1.208,1.210,0.00
1.210,1.212,0.00
1.212,1.214,0.00
1.214,1.216,2.00
1.216,1.218,2.00
1.218,1.220,0.00
1.220,1.222,1.00
1.222,1.224,0.00
1.224,1.226,0.00
1.226,1.228,1.00
1.228,1.230,0.00
1.230,1.232,0.00
1.232,1.234,1.00
1.234,1.236,0.00
1.236,1.238,0.00
1.238,1.240,0.00
1.240,1.242,3.00
1.242,1.244,1.00
1.244,1.246,1.00
1.246,1.248,0.00
1.248,1.250,0.00
1.250,1.252,0.00
1.252,1.254,0.00
1.254,1.256,1.00
1.256,1.258,0.00
1.258,1.260,0.00
1.260,1.262,1.00
1.262,1.264,0.00
1.264,1.266,3.00
1.266,1.268,0.00
1.268,1.270,0.00
1.270,1.272,3.00
1.272,1.274,0.00
1.274,1.276,0.00
1.276,1.278,1.00
1.278,1.280,0.00
1.280,1.282,0.00
1.282,1.284,0.00
1.284,1.286,0.00
1.286,1.288,0.00
1.288,1.290,0.00
1.290,1.292,0.00
1.292,1.294,2.00
1.294,1.296,0.00
1.296,1.298,0.00
1.298,1.300,0.00
1.300,1.302,2.00
1.302,1.304,0.00
1.304,1.306,1.00
1.306,1.308,0.00
1.308,1.310,0.00
1.310,1.312,0.00
1.312,1.314,1.00
1.314,1.316,1.00
1.316,1.318,2.00
1.318,1.320,0.00
1.320,1.322,0.00
1.322,1.324,0.00
1.324,1.326,0.00
1.326,1.328,0.00
1.328,1.330,0.00
1.330,1.332,2.00
1.332,1.334,0.00
1.334,1.336,0.00
1.336,1.338,3.00
1.338,1.340,1.00
1.340,1.342,2.00
1.342,1.344,0.00
1.344,1.346,2.00
1.346,1.348,1.00
1.348,1.350,0.00
1.350,1.352,0.00
1.352,1.354,0.00
1.354,1.356,0.00
1.356,1.358,0.00
1.358,1.360,1.00
1.360,1.362,2.00
1.362,1.364,1.00
1.364,1.366,0.00
1.366,1.368,0.00
1.368,1.370,0.00
1.370,1.372,0.00
1.372,1.374,0.00
1.374,1.376,0.00
1.376,1.378,0.00
1.378,1.380,0.00
1.380,1.382,0.00
1.382,1.384,0.00
1.384,1.386,0.00
1.386,1.388,1.00
1.388,1.390,0.00
1.390,1.392,0.00
1.392,1.394,0.00
1.394,1.396,0.00
1.396,1.398,0.00
1.398,1.400,0.00
1.400,1.402,4.00
1.402,1.404,0.00
1.404,1.406,0.00
1.406,1.408,0.00
1.408,1.410,0.00
1.410,1.412,2.00
1.412,1.414,0.00
1.414,1.416,1.00
1.416,1.418,0.00
1.418,1.420,0.00
1.420,1.422,1.00
1.422,1.424,0.00
1.424,1.426,0.00
1.426,1.428,0.00
1.428,1.430,0.00
1.430,1.432,2.00
1.432,1.434,0.00
1.434,1.436,1.00
1.436,1.438,4.00
1.438,1.440,0.00
1.440,1.442,0.00
1.442,1.444,0.00
1.444,1.446,2.00
1.446,1.448,0.00
1.448,1.450,0.00
1.450,1.452,3.00
1.452,1.454,0.00
1.454,1.456,0.00
1.456,1.458,0.00
1.458,1.460,0.00
1.460,1.462,3.00
1.462,1.464,1.00
1.464,1.466,0.00
1.466,1.468,0.00
1.468,1.470,0.00
1.470,1.472,0.00
1.472,1.474,0.00
1.474,1.476,1.00
1.476,1.478,0.00
1.478,1.480,0.00
1.480,1.482,0.00
1.482,1.484,0.00
1.484,1.486,0.00
1.486,1.488,1.00
1.488,1.490,0.00
1.490,1.492,0.00
1.492,1.494,5.00
1.494,1.496,0.00
1.496,1.498,0.00
1.498,1.500,4.00
1.500,1.502,2.00
1.502,1.504,0.00
1.504,1.506,0.00
1.506,1.508,0.00
1.508,1.510,0.00
1.510,1.512,0.00
1.512,1.514,0.00
1.514,1.516,0.00
1.516,1.518,0.00
1.518,1.520,0.00
1.520,1.522,1.00
1.522,1.524,0.00
1.524,1.526,0.00
1.526,1.528,0.00
1.528,1.530,0.00
1.530,1.532,0.00
1.532,1.534,1.00
1.534,1.536,0.00
1.536,1.538,0.00
1.538,1.540,0.00
