keV right bin edge,keV bin count,Poission error
10.0,-9999,-9999.0
12.58925,0,0.0
15.84893,0,0.0
19.95262,0,0.0
25.11886,0,0.0
31.62278,0,0.0
39.81072,1,1.0
50.11872,0,0.0
63.09573,0,0.0
79.43282,0,0.0
100.0,0,0.0
125.8925,0,0.0
158.4893,0,0.0
199.5262,0,0.0
251.1886,189,13.74772708486752
316.2278,864,29.393876913398138
398.1072,2047,45.24378410345447
501.1872,3450,58.73670062235365
630.9573,2690,51.86520991955976
794.3282,1763,41.98809355043403
1000.0,1498,38.704004960727254
1258.925,1153,33.95585369269929
1584.893,1058,32.526911934581186
1995.262,922,30.364452901377952
2511.886,767,27.694764848252458
3162.278,673,25.942243542145693
3981.072,547,23.388031127053
5011.872,549,23.430749027719962
6309.573,455,21.330729007701542
7943.282,422,20.54263858417414
10000.0,355,18.841443681416774
12589.25,339,18.411952639521967
15848.93,348,18.65475810617763
19952.62,344,18.547236990991408
25118.86,601,24.515301344262525
31622.78,3602,60.01666435249463
39810.72,1768,42.04759208325728
50118.72,18,4.242640687119285
63095.73,0,0.0
79432.82,0,0.0
100000.0,0,0.0
