keV right bin edge,keV bin count,Poission error
10.0,-9999,-9999.0
12.58925,0,0.0
15.84893,0,0.0
19.95262,0,0.0
25.11886,0,0.0
31.62278,0,0.0
39.81072,0,0.0
50.11872,2,1.4142135623730951
63.09573,0,0.0
79.43282,0,0.0
100.0,1,1.0
125.8925,0,0.0
158.4893,0,0.0
199.5262,0,0.0
251.1886,667,25.826343140289914
316.2278,4271,65.35288822997802
398.1072,9399,96.94843990493091
501.1872,15457,124.32618388738553
630.9573,11663,107.99537027113709
794.3282,8251,90.83501527494779
1000.0,6634,81.44937077718895
1258.925,5436,73.72923436466705
1584.893,4338,65.86349520030045
1995.262,3245,56.96490147450446
2511.886,2578,50.774009099144415
3162.278,1888,43.45112196480086
3981.072,1570,39.6232255123179
5011.872,1291,35.93048844644336
6309.573,1090,33.015148038438355
7943.282,928,30.463092423455635
10000.0,746,27.313000567495326
12589.25,686,26.19160170741759
15848.93,682,26.115129714401192
19952.62,745,27.294688127912362
25118.86,1244,35.270384177096794
31622.78,5244,72.41546796092669
39810.72,2754,52.478567053607705
50118.72,42,6.48074069840786
63095.73,0,0.0
79432.82,0,0.0
100000.0,0,0.0
