Ti,Tf,Counts
-0.205,-0.203,16
-0.203,-0.201,10
-0.201,-0.199,1
-0.199,-0.197,9
-0.197,-0.195,14
-0.195,-0.193,8
-0.193,-0.191,9
-0.191,-0.189,15
-0.189,-0.187,3
-0.187,-0.185,7
-0.185,-0.183,1
-0.183,-0.181,12
-0.181,-0.179,8
-0.179,-0.177,4
-0.177,-0.175,10
-0.175,-0.173,10
-0.173,-0.171,5
-0.171,-0.169,11
-0.169,-0.167,0
-0.167,-0.165,12
-0.165,-0.163,3
-0.163,-0.161,12
-0.161,-0.159,8
-0.159,-0.157,2
-0.157,-0.155,7
-0.155,-0.153,4
-0.153,-0.151,2
-0.151,-0.149,9
-0.149,-0.147,11
-0.147,-0.145,5
-0.145,-0.143,0
-0.143,-0.141,10
-0.141,-0.139,10
-0.139,-0.137,7
-0.137,-0.135,9
-0.135,-0.133,3
-0.133,-0.131,9
-0.131,-0.129,5
-0.129,-0.127,7
-0.127,-0.125,3
-0.125,-0.123,6
-0.123,-0.121,32
-0.121,-0.119,6
-0.119,-0.117,5
-0.117,-0.115,18
-0.115,-0.113,1
-0.113,-0.111,3
-0.111,-0.109,7
-0.109,-0.107,4
-0.107,-0.105,3
-0.105,-0.103,11
-0.103,-0.101,11
-0.101,-0.099,7
-0.099,-0.097,6
-0.097,-0.095,3
-0.095,-0.093,4
-0.093,-0.091,2
-0.091,-0.089,3
-0.089,-0.087,5
-0.087,-0.085,11
-0.085,-0.083,19
-0.083,-0.081,8
-0.081,-0.079,3
-0.079,-0.077,4
-0.077,-0.075,8
-0.075,-0.073,2
-0.073,-0.071,13
-0.071,-0.069,7
-0.069,-0.067,5
-0.067,-0.065,5
-0.065,-0.063,5
-0.063,-0.061,6
-0.061,-0.059,0
-0.059,-0.057,14
-0.057,-0.055,1
-0.055,-0.053,9
-0.053,-0.051,9
-0.051,-0.049,3
-0.049,-0.047,6
-0.047,-0.045,8
-0.045,-0.043,11
-0.043,-0.041,14
-0.041,-0.039,5
-0.039,-0.037,8
-0.037,-0.035,9
-0.035,-0.033,3
-0.033,-0.031,8
-0.031,-0.029,6
-0.029,-0.027,15
-0.027,-0.025,5
-0.025,-0.023,11
-0.023,-0.021,4
-0.021,-0.019,3
-0.019,-0.017,8
-0.017,-0.015,12
-0.015,-0.013,3
-0.013,-0.011,32
-0.011,-0.009,9
-0.009,-0.007,5
-0.007,-0.005,8
-0.005,-0.003,23
-0.003,-0.001,12
-0.001,0.001,7
0.001,0.003,13
0.003,0.005,9
0.005,0.007,9
0.007,0.009,12
0.009,0.011,19
0.011,0.013,9
0.013,0.015,8
0.015,0.017,17
0.017,0.019,7
0.019,0.021,11
0.021,0.023,20
0.023,0.025,12
0.025,0.027,5
0.027,0.029,14
0.029,0.031,13
0.031,0.033,4
0.033,0.035,11
0.035,0.037,12
0.037,0.039,6
0.039,0.041,3
0.041,0.043,11
0.043,0.045,9
0.045,0.047,7
0.047,0.049,18
0.049,0.051,15
0.051,0.053,13
0.053,0.055,9
0.055,0.057,8
0.057,0.059,9
0.059,0.061,9
0.061,0.063,16
0.063,0.065,4
0.065,0.067,17
0.067,0.069,14
0.069,0.071,8
0.071,0.073,8
0.073,0.075,12
0.075,0.077,12
0.077,0.079,10
0.079,0.081,13
0.081,0.083,7
0.083,0.085,23
0.085,0.087,12
0.087,0.089,10
0.089,0.091,7
0.091,0.093,6
0.093,0.095,27
0.095,0.097,6
0.097,0.099,9
0.099,0.101,8
0.101,0.103,12
0.103,0.105,11
0.105,0.107,10
0.107,0.109,24
0.109,0.111,13
0.111,0.113,12
0.113,0.115,13
0.115,0.117,16
0.117,0.119,9
0.119,0.121,12
0.121,0.123,9
0.123,0.125,9
0.125,0.127,10
0.127,0.129,25
0.129,0.131,22
0.131,0.133,13
0.133,0.135,15
0.135,0.137,21
0.137,0.139,22
0.139,0.141,29
0.141,0.143,10
0.143,0.145,9
0.145,0.147,16
0.147,0.149,11
0.149,0.151,24
0.151,0.153,8
0.153,0.155,6
0.155,0.157,17
0.157,0.159,7
0.159,0.161,15
0.161,0.163,10
0.163,0.165,20
0.165,0.167,12
0.167,0.169,16
0.169,0.171,26
0.171,0.173,16
0.173,0.175,10
0.175,0.177,17
0.177,0.179,6
0.179,0.181,11
0.181,0.183,16
0.183,0.185,10
0.185,0.187,18
0.187,0.189,5
0.189,0.191,22
0.191,0.193,13
0.193,0.195,7
0.195,0.197,21
0.197,0.199,18
0.199,0.201,10
0.201,0.203,8
0.203,0.205,15
0.205,0.207,10
0.207,0.209,13
0.209,0.211,15
0.211,0.213,12
0.213,0.215,19
0.215,0.217,9
0.217,0.219,6
0.219,0.221,10
0.221,0.223,11
0.223,0.225,12
0.225,0.227,8
0.227,0.229,9
0.229,0.231,15
0.231,0.233,9
0.233,0.235,10
0.235,0.237,11
0.237,0.239,12
0.239,0.241,14
0.241,0.243,7
0.243,0.245,15
0.245,0.247,9
0.247,0.249,8
0.249,0.251,11
0.251,0.253,5
0.253,0.255,4
0.255,0.257,13
0.257,0.259,16
0.259,0.261,11
0.261,0.263,13
0.263,0.265,8
0.265,0.267,8
0.267,0.269,8
0.269,0.271,7
0.271,0.273,5
0.273,0.275,13
0.275,0.277,22
0.277,0.279,14
0.279,0.281,7
0.281,0.283,6
0.283,0.285,13
0.285,0.287,14
0.287,0.289,4
0.289,0.291,13
0.291,0.293,15
0.293,0.295,5
0.295,0.297,17
0.297,0.299,5
0.299,0.301,9
0.301,0.303,14
0.303,0.305,12
0.305,0.307,6
0.307,0.309,8
0.309,0.311,5
0.311,0.313,9
0.313,0.315,15
0.315,0.317,10
0.317,0.319,15
0.319,0.321,5
0.321,0.323,6
0.323,0.325,10
0.325,0.327,10
0.327,0.329,20
0.329,0.331,13
0.331,0.333,7
0.333,0.335,4
0.335,0.337,5
0.337,0.339,8
0.339,0.341,13
0.341,0.343,8
0.343,0.345,11
0.345,0.347,4
0.347,0.349,14
0.349,0.351,10
0.351,0.353,15
0.353,0.355,16
0.355,0.357,18
0.357,0.359,8
0.359,0.361,5
0.361,0.363,7
0.363,0.365,8
0.365,0.367,10
0.367,0.369,14
0.369,0.371,4
0.371,0.373,13
0.373,0.375,9
0.375,0.377,11
0.377,0.379,9
0.379,0.381,9
0.381,0.383,9
0.383,0.385,6
0.385,0.387,5
0.387,0.389,12
0.389,0.391,8
0.391,0.393,9
0.393,0.395,6
0.395,0.397,6
0.397,0.399,7
0.399,0.401,19
0.401,0.403,13
0.403,0.405,4
0.405,0.407,15
0.407,0.409,11
0.409,0.411,6
0.411,0.413,20
0.413,0.415,3
0.415,0.417,3
0.417,0.419,9
0.419,0.421,12
0.421,0.423,26
0.423,0.425,9
0.425,0.427,7
0.427,0.429,13
0.429,0.431,11
0.431,0.433,16
0.433,0.435,11
0.435,0.437,10
0.437,0.439,5
0.439,0.441,15
0.441,0.443,9
0.443,0.445,13
0.445,0.447,11
0.447,0.449,12
0.449,0.451,10
0.451,0.453,6
0.453,0.455,4
0.455,0.457,9
0.457,0.459,4
0.459,0.461,6
0.461,0.463,10
0.463,0.465,5
0.465,0.467,6
0.467,0.469,9
0.469,0.471,4
0.471,0.473,7
0.473,0.475,10
0.475,0.477,7
0.477,0.479,10
0.479,0.481,13
0.481,0.483,11
0.483,0.485,14
0.485,0.487,7
0.487,0.489,11
0.489,0.491,15
0.491,0.493,12
0.493,0.495,6
0.495,0.497,18
0.497,0.499,7
0.499,0.501,7
0.501,0.503,11
0.503,0.505,10
0.505,0.507,14
0.507,0.509,6
0.509,0.511,10
0.511,0.513,9
0.513,0.515,7
0.515,0.517,3
0.517,0.519,7
0.519,0.521,7
0.521,0.523,12
0.523,0.525,4
0.525,0.527,17
0.527,0.529,7
0.529,0.531,7
0.531,0.533,14
0.533,0.535,4
0.535,0.537,21
0.537,0.539,5
0.539,0.541,10
0.541,0.543,17
0.543,0.545,15
0.545,0.547,11
0.547,0.549,12
0.549,0.551,9
0.551,0.553,8
0.553,0.555,6
0.555,0.557,6
0.557,0.559,4
0.559,0.561,21
0.561,0.563,9
0.563,0.565,13
0.565,0.567,11
0.567,0.569,11
0.569,0.571,11
0.571,0.573,5
0.573,0.575,12
0.575,0.577,7
0.577,0.579,9
0.579,0.581,9
0.581,0.583,8
0.583,0.585,13
0.585,0.587,27
0.587,0.589,17
0.589,0.591,16
0.591,0.593,4
0.593,0.595,7
0.595,0.597,17
0.597,0.599,4
0.599,0.601,12
0.601,0.603,19
0.603,0.605,12
0.605,0.607,14
0.607,0.609,10
0.609,0.611,12
0.611,0.613,12
0.613,0.615,6
0.615,0.617,11
0.617,0.619,7
0.619,0.621,12
0.621,0.623,10
0.623,0.625,8
0.625,0.627,8
0.627,0.629,12
0.629,0.631,10
0.631,0.633,17
0.633,0.635,7
0.635,0.637,9
0.637,0.639,12
0.639,0.641,8
0.641,0.643,6
0.643,0.645,8
0.645,0.647,8
0.647,0.649,8
0.649,0.651,9
0.651,0.653,17
0.653,0.655,19
0.655,0.657,11
0.657,0.659,7
0.659,0.661,6
0.661,0.663,14
0.663,0.665,8
0.665,0.667,4
0.667,0.669,16
0.669,0.671,8
0.671,0.673,19
0.673,0.675,5
0.675,0.677,7
0.677,0.679,11
0.679,0.681,21
0.681,0.683,8
0.683,0.685,19
0.685,0.687,10
0.687,0.689,19
0.689,0.691,22
0.691,0.693,15
0.693,0.695,17
0.695,0.697,9
0.697,0.699,10
0.699,0.701,16
0.701,0.703,12
0.703,0.705,15
0.705,0.707,14
0.707,0.709,5
0.709,0.711,16
0.711,0.713,23
0.713,0.715,12
0.715,0.717,15
0.717,0.719,15
0.719,0.721,12
0.721,0.723,18
0.723,0.725,15
0.725,0.727,14
0.727,0.729,14
0.729,0.731,22
0.731,0.733,14
0.733,0.735,16
0.735,0.737,16
0.737,0.739,11
0.739,0.741,31
0.741,0.743,14
0.743,0.745,15
0.745,0.747,13
0.747,0.749,17
0.749,0.751,21
0.751,0.753,16
0.753,0.755,19
0.755,0.757,18
0.757,0.759,9
0.759,0.761,14
0.761,0.763,25
0.763,0.765,10
0.765,0.767,17
0.767,0.769,32
0.769,0.771,33
0.771,0.773,17
0.773,0.775,17
0.775,0.777,22
0.777,0.779,19
0.779,0.781,19
0.781,0.783,18
0.783,0.785,22
0.785,0.787,20
0.787,0.789,24
0.789,0.791,17
0.791,0.793,25
0.793,0.795,36
0.795,0.797,31
0.797,0.799,33
0.799,0.801,9
0.801,0.803,19
0.803,0.805,27
0.805,0.807,11
0.807,0.809,29
0.809,0.811,11
0.811,0.813,22
0.813,0.815,26
0.815,0.817,22
0.817,0.819,29
0.819,0.821,24
0.821,0.823,17
0.823,0.825,26
0.825,0.827,18
0.827,0.829,23
0.829,0.831,32
0.831,0.833,22
0.833,0.835,33
0.835,0.837,20
0.837,0.839,24
0.839,0.841,22
0.841,0.843,26
0.843,0.845,26
0.845,0.847,30
0.847,0.849,22
0.849,0.851,16
0.851,0.853,22
0.853,0.855,27
0.855,0.857,20
0.857,0.859,19
0.859,0.861,29
0.861,0.863,33
0.863,0.865,31
0.865,0.867,28
0.867,0.869,21
0.869,0.871,22
0.871,0.873,29
0.873,0.875,20
0.875,0.877,30
0.877,0.879,26
0.879,0.881,19
0.881,0.883,23
0.883,0.885,29
0.885,0.887,22
0.887,0.889,24
0.889,0.891,24
0.891,0.893,36
0.893,0.895,24
0.895,0.897,22
0.897,0.899,25
0.899,0.901,31
0.901,0.903,26
0.903,0.905,23
0.905,0.907,21
0.907,0.909,24
0.909,0.911,28
0.911,0.913,31
0.913,0.915,24
0.915,0.917,28
0.917,0.919,27
0.919,0.921,27
0.921,0.923,22
0.923,0.925,17
0.925,0.927,25
0.927,0.929,34
0.929,0.931,30
0.931,0.933,27
0.933,0.935,35
0.935,0.937,25
0.937,0.939,31
0.939,0.941,33
0.941,0.943,29
0.943,0.945,17
0.945,0.947,29
0.947,0.949,39
0.949,0.951,24
0.951,0.953,28
0.953,0.955,40
0.955,0.957,41
0.957,0.959,25
0.959,0.961,24
0.961,0.963,33
0.963,0.965,35
0.965,0.967,25
0.967,0.969,24
0.969,0.971,18
0.971,0.973,21
0.973,0.975,48
0.975,0.977,29
0.977,0.979,26
0.979,0.981,27
0.981,0.983,15
0.983,0.985,49
0.985,0.987,36
0.987,0.989,39
0.989,0.991,39
0.991,0.993,23
0.993,0.995,31
0.995,0.997,40
0.997,0.999,23
0.999,1.001,30
1.001,1.003,31
1.003,1.005,31
1.005,1.007,27
1.007,1.009,25
1.009,1.011,18
1.011,1.013,26
1.013,1.015,30
1.015,1.017,30
1.017,1.019,21
1.019,1.021,23
1.021,1.023,33
1.023,1.025,25
1.025,1.027,20
1.027,1.029,34
1.029,1.031,20
1.031,1.033,21
1.033,1.035,23
1.035,1.037,21
1.037,1.039,23
1.039,1.041,19
1.041,1.043,16
1.043,1.045,28
1.045,1.047,21
1.047,1.049,24
1.049,1.051,29
1.051,1.053,33
1.053,1.055,30
1.055,1.057,27
1.057,1.059,37
1.059,1.061,51
1.061,1.063,35
1.063,1.065,41
1.065,1.067,30
1.067,1.069,25
1.069,1.071,38
1.071,1.073,14
1.073,1.075,33
1.075,1.077,28
1.077,1.079,30
1.079,1.081,29
1.081,1.083,43
1.083,1.085,38
1.085,1.087,34
1.087,1.089,26
1.089,1.091,31
1.091,1.093,34
1.093,1.095,20
1.095,1.097,37
1.097,1.099,28
1.099,1.101,20
1.101,1.103,38
1.103,1.105,33
1.105,1.107,23
1.107,1.109,30
1.109,1.111,26
1.111,1.113,33
1.113,1.115,23
1.115,1.117,19
1.117,1.119,30
1.119,1.121,34
1.121,1.123,24
1.123,1.125,27
1.125,1.127,20
1.127,1.129,26
1.129,1.131,17
1.131,1.133,20
1.133,1.135,23
1.135,1.137,12
1.137,1.139,16
1.139,1.141,17
1.141,1.143,12
1.143,1.145,18
1.145,1.147,19
1.147,1.149,20
1.149,1.151,13
1.151,1.153,20
1.153,1.155,22
1.155,1.157,18
1.157,1.159,19
1.159,1.161,28
1.161,1.163,20
1.163,1.165,17
1.165,1.167,23
1.167,1.169,17
1.169,1.171,13
1.171,1.173,23
1.173,1.175,15
1.175,1.177,15
1.177,1.179,19
1.179,1.181,21
1.181,1.183,23
1.183,1.185,23
1.185,1.187,13
1.187,1.189,20
1.189,1.191,17
1.191,1.193,9
1.193,1.195,22
1.195,1.197,17
1.197,1.199,19
1.199,1.201,18
1.201,1.203,13
1.203,1.205,21
1.205,1.207,23
1.207,1.209,16
1.209,1.211,8
1.211,1.213,9
1.213,1.215,15
1.215,1.217,21
1.217,1.219,35
1.219,1.221,17
1.221,1.223,25
1.223,1.225,9
1.225,1.227,7
1.227,1.229,15
1.229,1.231,11
1.231,1.233,20
1.233,1.235,14
1.235,1.237,14
1.237,1.239,15
1.239,1.241,26
1.241,1.243,31
1.243,1.245,16
1.245,1.247,13
1.247,1.249,14
1.249,1.251,11
1.251,1.253,18
1.253,1.255,6
1.255,1.257,10
1.257,1.259,14
1.259,1.261,10
1.261,1.263,24
1.263,1.265,16
1.265,1.267,14
1.267,1.269,13
1.269,1.271,23
1.271,1.273,27
1.273,1.275,22
1.275,1.277,11
1.277,1.279,5
1.279,1.281,4
1.281,1.283,19
1.283,1.285,12
1.285,1.287,26
1.287,1.289,20
1.289,1.291,11
1.291,1.293,10
1.293,1.295,8
1.295,1.297,12
1.297,1.299,24
1.299,1.301,9
1.301,1.303,16
1.303,1.305,13
1.305,1.307,12
1.307,1.309,8
1.309,1.311,6
1.311,1.313,19
1.313,1.315,17
1.315,1.317,12
1.317,1.319,28
1.319,1.321,13
1.321,1.323,4
1.323,1.325,19
1.325,1.327,7
1.327,1.329,18
1.329,1.331,11
1.331,1.333,16
1.333,1.335,18
1.335,1.337,17
1.337,1.339,20
1.339,1.341,17
1.341,1.343,11
1.343,1.345,19
1.345,1.347,4
1.347,1.349,13
1.349,1.351,12
1.351,1.353,4
1.353,1.355,19
1.355,1.357,14
1.357,1.359,7
1.359,1.361,5
1.361,1.363,11
1.363,1.365,15
1.365,1.367,13
1.367,1.369,6
1.369,1.371,10
1.371,1.373,14
1.373,1.375,8
1.375,1.377,10
1.377,1.379,7
1.379,1.381,8
1.381,1.383,8
1.383,1.385,19
1.385,1.387,11
1.387,1.389,16
1.389,1.391,8
1.391,1.393,6
1.393,1.395,6
1.395,1.397,15
1.397,1.399,5
1.399,1.401,3
1.401,1.403,5
1.403,1.405,10
1.405,1.407,11
1.407,1.409,5
1.409,1.411,4
1.411,1.413,3
1.413,1.415,10
1.415,1.417,11
1.417,1.419,11
1.419,1.421,10
1.421,1.423,7
1.423,1.425,2
1.425,1.427,6
1.427,1.429,14
1.429,1.431,3
1.431,1.433,7
1.433,1.435,3
1.435,1.437,13
1.437,1.439,6
1.439,1.441,6
1.441,1.443,2
1.443,1.445,3
1.445,1.447,4
1.447,1.449,10
1.449,1.451,7
1.451,1.453,5
1.453,1.455,5
1.455,1.457,15
1.457,1.459,16
1.459,1.461,14
1.461,1.463,2
1.463,1.465,7
1.465,1.467,11
1.467,1.469,6
1.469,1.471,1
1.471,1.473,3
1.473,1.475,10
1.475,1.477,3
1.477,1.479,5
1.479,1.481,7
1.481,1.483,6
1.483,1.485,8
1.485,1.487,8
1.487,1.489,7
1.489,1.491,5
1.491,1.493,14
1.493,1.495,8
1.495,1.497,4
1.497,1.499,4
1.499,1.501,9
1.501,1.503,6
1.503,1.505,18
1.505,1.507,18
1.507,1.509,16
1.509,1.511,5
1.511,1.513,4
1.513,1.515,21
1.515,1.517,9
1.517,1.519,14
1.519,1.521,7
1.521,1.523,5
1.523,1.525,7
1.525,1.527,4
1.527,1.529,9
1.529,1.531,12
1.531,1.533,6
1.533,1.535,5
1.535,1.537,10
1.537,1.539,9
1.539,1.541,8
1.541,1.543,3
1.543,1.545,6
1.545,1.547,6
1.547,1.549,4
1.549,1.551,8
1.551,1.553,5
1.553,1.555,9
1.555,1.557,9
1.557,1.559,9
1.559,1.561,10
1.561,1.563,7
1.563,1.565,15
1.565,1.567,7
1.567,1.569,8
1.569,1.571,14
1.571,1.573,11
1.573,1.575,9
1.575,1.577,8
1.577,1.579,3
1.579,1.581,4
1.581,1.583,9
1.583,1.585,9
1.585,1.587,17
1.587,1.589,7
1.589,1.591,4
1.591,1.593,3
1.593,1.595,8
1.595,1.597,4
1.597,1.599,7
1.599,1.601,7
1.601,1.603,18
1.603,1.605,7
1.605,1.607,6
1.607,1.609,13
1.609,1.611,4
1.611,1.613,11
1.613,1.615,18
1.615,1.617,2
1.617,1.619,0
1.619,1.621,3
1.621,1.623,6
1.623,1.625,6
1.625,1.627,6
1.627,1.629,5
1.629,1.631,7
1.631,1.633,9
1.633,1.635,5
1.635,1.637,2
1.637,1.639,7
1.639,1.641,4
1.641,1.643,12
1.643,1.645,6
1.645,1.647,8
1.647,1.649,7
1.649,1.651,17
1.651,1.653,9
1.653,1.655,15
1.655,1.657,9
1.657,1.659,6
1.659,1.661,1
1.661,1.663,0
1.663,1.665,3
1.665,1.667,5
1.667,1.669,5
1.669,1.671,8
1.671,1.673,6
1.673,1.675,4
1.675,1.677,21
1.677,1.679,31
1.679,1.681,7
1.681,1.683,5
1.683,1.685,7
1.685,1.687,15
1.687,1.689,8
1.689,1.691,10
1.691,1.693,8
1.693,1.695,5
1.695,1.697,7
1.697,1.699,6
1.699,1.701,3
1.701,1.703,3
1.703,1.705,4
1.705,1.707,3
1.707,1.709,4
1.709,1.711,6
1.711,1.713,8
1.713,1.715,7
1.715,1.717,6
1.717,1.719,4
1.719,1.721,4
1.721,1.723,8
1.723,1.725,15
1.725,1.727,3
1.727,1.729,5
1.729,1.731,2
1.731,1.733,5
1.733,1.735,4
1.735,1.737,9
1.737,1.739,5
1.739,1.741,13
1.741,1.743,8
1.743,1.745,4
1.745,1.747,5
1.747,1.749,4
1.749,1.751,2
1.751,1.753,3
1.753,1.755,10
1.755,1.757,7
1.757,1.759,6
1.759,1.761,6
1.761,1.763,4
1.763,1.765,8
1.765,1.767,10
1.767,1.769,5
1.769,1.771,3
1.771,1.773,6
1.773,1.775,6
1.775,1.777,5
1.777,1.779,5
1.779,1.781,3
1.781,1.783,7
1.783,1.785,8
1.785,1.787,4
1.787,1.789,4
1.789,1.791,7
1.791,1.793,6
1.793,1.795,5
1.795,1.797,9
1.797,1.799,3
1.799,1.801,5
1.801,1.803,9
1.803,1.805,3
