Ti,Tf,Counts
-1.002,-0.986,175
-0.986,-0.97,259
-0.97,-0.954,155
-0.954,-0.938,149
-0.938,-0.922,164
-0.922,-0.906,156
-0.906,-0.89,192
-0.89,-0.874,168
-0.874,-0.858,169
-0.858,-0.842,160
-0.842,-0.826,170
-0.826,-0.81,168
-0.81,-0.794,183
-0.794,-0.778,154
-0.778,-0.762,178
-0.762,-0.746,170
-0.746,-0.73,160
-0.73,-0.714,173
-0.714,-0.698,154
-0.698,-0.682,207
-0.682,-0.666,143
-0.666,-0.65,177
-0.65,-0.634,150
-0.634,-0.618,164
-0.618,-0.602,195
-0.602,-0.586,144
-0.586,-0.57,145
-0.57,-0.554,197
-0.554,-0.538,188
-0.538,-0.522,179
-0.522,-0.506,171
-0.506,-0.49,161
-0.49,-0.474,183
-0.474,-0.458,134
-0.458,-0.442,165
-0.442,-0.426,174
-0.426,-0.41,157
-0.41,-0.394,183
-0.394,-0.378,195
-0.378,-0.362,166
-0.362,-0.346,186
-0.346,-0.33,224
-0.33,-0.314,197
-0.314,-0.298,206
-0.298,-0.282,188
-0.282,-0.266,213
-0.266,-0.25,188
-0.25,-0.234,169
-0.234,-0.218,191
-0.218,-0.202,163
-0.202,-0.186,152
-0.186,-0.17,140
-0.17,-0.154,196
-0.154,-0.138,150
-0.138,-0.122,160
-0.122,-0.106,160
-0.106,-0.09,178
-0.09,-0.074,165
-0.074,-0.058,151
-0.058,-0.042,199
-0.042,-0.026,191
-0.026,-0.01,162
-0.01,0.006,578
0.006,0.022,1713
0.022,0.038,429
0.038,0.054,206
0.054,0.07,204
0.07,0.086,158
0.086,0.102,176
0.102,0.118,165
0.118,0.134,235
0.134,0.15,179
0.15,0.166,205
0.166,0.182,160
0.182,0.198,193
0.198,0.214,161
0.214,0.23,169
0.23,0.246,161
0.246,0.262,200
0.262,0.278,149
0.278,0.294,172
0.294,0.31,202
0.31,0.326,177
0.326,0.342,247
0.342,0.358,184
0.358,0.374,156
0.374,0.39,201
0.39,0.406,139
0.406,0.422,175
0.422,0.438,162
0.438,0.454,210
0.454,0.47,165
0.47,0.486,208
0.486,0.502,153
0.502,0.518,190
0.518,0.534,153
0.534,0.55,175
0.55,0.566,192
0.566,0.582,153
0.582,0.598,162
0.598,0.614,144
0.614,0.63,204
0.63,0.646,222
0.646,0.662,186
0.662,0.678,183
0.678,0.694,191
0.694,0.71,199
0.71,0.726,155
0.726,0.742,220
0.742,0.758,165
0.758,0.774,168
0.774,0.79,157
0.79,0.806,164
0.806,0.822,199
0.822,0.838,180
0.838,0.854,179
0.854,0.87,153
0.87,0.886,190
0.886,0.902,141
0.902,0.918,185
0.918,0.934,223
0.934,0.95,152
0.95,0.966,160
0.966,0.982,162
0.982,0.998,146
0.998,1.014,83
