Ti,Tf,Counts
-1.047,-1.045,12
-1.045,-1.043,23
-1.043,-1.041,19
-1.041,-1.039,10
-1.039,-1.037,12
-1.037,-1.035,13
-1.035,-1.033,5
-1.033,-1.031,19
-1.031,-1.029,4
-1.029,-1.027,17
-1.027,-1.025,15
-1.025,-1.023,12
-1.023,-1.021,24
-1.021,-1.019,15
-1.019,-1.017,13
-1.017,-1.015,21
-1.015,-1.013,23
-1.013,-1.011,24
-1.011,-1.009,20
-1.009,-1.007,17
-1.007,-1.005,22
-1.005,-1.003,17
-1.003,-1.001,13
-1.001,-0.999,13
-0.999,-0.997,11
-0.997,-0.995,15
-0.995,-0.993,20
-0.993,-0.991,8
-0.991,-0.989,6
-0.989,-0.987,12
-0.987,-0.985,8
-0.985,-0.983,20
-0.983,-0.981,13
-0.981,-0.979,11
-0.979,-0.977,5
-0.977,-0.975,15
-0.975,-0.973,14
-0.973,-0.971,30
-0.971,-0.969,15
-0.969,-0.967,18
-0.967,-0.965,12
-0.965,-0.963,15
-0.963,-0.961,15
-0.961,-0.959,24
-0.959,-0.957,9
-0.957,-0.955,10
-0.955,-0.953,27
-0.953,-0.951,7
-0.951,-0.949,12
-0.949,-0.947,16
-0.947,-0.945,15
-0.945,-0.943,22
-0.943,-0.941,20
-0.941,-0.939,20
-0.939,-0.937,11
-0.937,-0.935,18
-0.935,-0.933,9
-0.933,-0.931,21
-0.931,-0.929,11
-0.929,-0.927,22
-0.927,-0.925,18
-0.925,-0.923,3
-0.923,-0.921,15
-0.921,-0.919,27
-0.919,-0.917,17
-0.917,-0.915,25
-0.915,-0.913,16
-0.913,-0.911,8
-0.911,-0.909,25
-0.909,-0.907,5
-0.907,-0.905,16
-0.905,-0.903,12
-0.903,-0.901,17
-0.901,-0.899,7
-0.899,-0.897,14
-0.897,-0.895,17
-0.895,-0.893,28
-0.893,-0.891,5
-0.891,-0.889,13
-0.889,-0.887,23
-0.887,-0.885,11
-0.885,-0.883,8
-0.883,-0.881,15
-0.881,-0.879,13
-0.879,-0.877,16
-0.877,-0.875,6
-0.875,-0.873,16
-0.873,-0.871,6
-0.871,-0.869,10
-0.869,-0.867,9
-0.867,-0.865,7
-0.865,-0.863,22
-0.863,-0.861,13
-0.861,-0.859,15
-0.859,-0.857,7
-0.857,-0.855,6
-0.855,-0.853,23
-0.853,-0.851,30
-0.851,-0.849,18
-0.849,-0.847,8
-0.847,-0.845,19
-0.845,-0.843,8
-0.843,-0.841,23
-0.841,-0.839,7
-0.839,-0.837,29
-0.837,-0.835,15
-0.835,-0.833,10
-0.833,-0.831,9
-0.831,-0.829,10
-0.829,-0.827,15
-0.827,-0.825,23
-0.825,-0.823,15
-0.823,-0.821,3
-0.821,-0.819,21
-0.819,-0.817,11
-0.817,-0.815,13
-0.815,-0.813,17
-0.813,-0.811,6
-0.811,-0.809,19
-0.809,-0.807,18
-0.807,-0.805,18
-0.805,-0.803,12
-0.803,-0.801,19
-0.801,-0.799,11
-0.799,-0.797,10
-0.797,-0.795,9
-0.795,-0.793,20
-0.793,-0.791,25
-0.791,-0.789,11
-0.789,-0.787,27
-0.787,-0.785,15
-0.785,-0.783,15
-0.783,-0.781,27
-0.781,-0.779,28
-0.779,-0.777,8
-0.777,-0.775,13
-0.775,-0.773,11
-0.773,-0.771,14
-0.771,-0.769,12
-0.769,-0.767,18
-0.767,-0.765,10
-0.765,-0.763,10
-0.763,-0.761,25
-0.761,-0.759,21
-0.759,-0.757,13
-0.757,-0.755,5
-0.755,-0.753,15
-0.753,-0.751,14
-0.751,-0.749,10
-0.749,-0.747,18
-0.747,-0.745,17
-0.745,-0.743,39
-0.743,-0.741,14
-0.741,-0.739,14
-0.739,-0.737,4
-0.737,-0.735,19
-0.735,-0.733,10
-0.733,-0.731,33
-0.731,-0.729,12
-0.729,-0.727,9
-0.727,-0.725,14
-0.725,-0.723,24
-0.723,-0.721,12
-0.721,-0.719,20
-0.719,-0.717,14
-0.717,-0.715,11
-0.715,-0.713,16
-0.713,-0.711,11
-0.711,-0.709,20
-0.709,-0.707,12
-0.707,-0.705,6
-0.705,-0.703,9
-0.703,-0.701,7
-0.701,-0.699,14
-0.699,-0.697,24
-0.697,-0.695,14
-0.695,-0.693,16
-0.693,-0.691,15
-0.691,-0.689,10
-0.689,-0.687,23
-0.687,-0.685,21
-0.685,-0.683,16
-0.683,-0.681,14
-0.681,-0.679,14
-0.679,-0.677,8
-0.677,-0.675,5
-0.675,-0.673,22
-0.673,-0.671,10
-0.671,-0.669,16
-0.669,-0.667,18
-0.667,-0.665,18
-0.665,-0.663,13
-0.663,-0.661,14
-0.661,-0.659,17
-0.659,-0.657,8
-0.657,-0.655,12
-0.655,-0.653,18
-0.653,-0.651,16
-0.651,-0.649,12
-0.649,-0.647,24
-0.647,-0.645,20
-0.645,-0.643,7
-0.643,-0.641,15
-0.641,-0.639,19
-0.639,-0.637,40
-0.637,-0.635,9
-0.635,-0.633,26
-0.633,-0.631,17
-0.631,-0.629,15
-0.629,-0.627,7
-0.627,-0.625,13
-0.625,-0.623,16
-0.623,-0.621,19
-0.621,-0.619,6
-0.619,-0.617,9
-0.617,-0.615,27
-0.615,-0.613,23
-0.613,-0.611,10
-0.611,-0.609,19
-0.609,-0.607,8
-0.607,-0.605,3
-0.605,-0.603,15
-0.603,-0.601,6
-0.601,-0.599,28
-0.599,-0.597,10
-0.597,-0.595,34
-0.595,-0.593,18
-0.593,-0.591,36
-0.591,-0.589,16
-0.589,-0.587,19
-0.587,-0.585,9
-0.585,-0.583,18
-0.583,-0.581,4
-0.581,-0.579,7
-0.579,-0.577,23
-0.577,-0.575,14
-0.575,-0.573,15
-0.573,-0.571,14
-0.571,-0.569,9
-0.569,-0.567,31
-0.567,-0.565,19
-0.565,-0.563,13
-0.563,-0.561,12
-0.561,-0.559,15
-0.559,-0.557,7
-0.557,-0.555,21
-0.555,-0.553,20
-0.553,-0.551,15
-0.551,-0.549,25
-0.549,-0.547,13
-0.547,-0.545,20
-0.545,-0.543,16
-0.543,-0.541,7
-0.541,-0.539,16
-0.539,-0.537,21
-0.537,-0.535,11
-0.535,-0.533,18
-0.533,-0.531,17
-0.531,-0.529,15
-0.529,-0.527,16
-0.527,-0.525,25
-0.525,-0.523,13
-0.523,-0.521,11
-0.521,-0.519,16
-0.519,-0.517,18
-0.517,-0.515,15
-0.515,-0.513,25
-0.513,-0.511,9
-0.511,-0.509,12
-0.509,-0.507,11
-0.507,-0.505,8
-0.505,-0.503,13
-0.503,-0.501,32
-0.501,-0.499,9
-0.499,-0.497,28
-0.497,-0.495,20
-0.495,-0.493,9
-0.493,-0.491,13
-0.491,-0.489,16
-0.489,-0.487,13
-0.487,-0.485,13
-0.485,-0.483,20
-0.483,-0.481,21
-0.481,-0.479,25
-0.479,-0.477,15
-0.477,-0.475,9
-0.475,-0.473,24
-0.473,-0.471,19
-0.471,-0.469,8
-0.469,-0.467,12
-0.467,-0.465,16
-0.465,-0.463,18
-0.463,-0.461,14
-0.461,-0.459,9
-0.459,-0.457,19
-0.457,-0.455,8
-0.455,-0.453,15
-0.453,-0.451,17
-0.451,-0.449,10
-0.449,-0.447,13
-0.447,-0.445,9
-0.445,-0.443,12
-0.443,-0.441,12
-0.441,-0.439,16
-0.439,-0.437,8
-0.437,-0.435,11
-0.435,-0.433,18
-0.433,-0.431,12
-0.431,-0.429,20
-0.429,-0.427,7
-0.427,-0.425,15
-0.425,-0.423,17
-0.423,-0.421,16
-0.421,-0.419,18
-0.419,-0.417,21
-0.417,-0.415,17
-0.415,-0.413,15
-0.413,-0.411,11
-0.411,-0.409,24
-0.409,-0.407,24
-0.407,-0.405,16
-0.405,-0.403,9
-0.403,-0.401,7
-0.401,-0.399,11
-0.399,-0.397,27
-0.397,-0.395,27
-0.395,-0.393,31
-0.393,-0.391,6
-0.391,-0.389,17
-0.389,-0.387,8
-0.387,-0.385,9
-0.385,-0.383,19
-0.383,-0.381,12
-0.381,-0.379,16
-0.379,-0.377,21
-0.377,-0.375,18
-0.375,-0.373,9
-0.373,-0.371,8
-0.371,-0.369,10
-0.369,-0.367,19
-0.367,-0.365,14
-0.365,-0.363,8
-0.363,-0.361,17
-0.361,-0.359,14
-0.359,-0.357,27
-0.357,-0.355,16
-0.355,-0.353,9
-0.353,-0.351,18
-0.351,-0.349,17
-0.349,-0.347,20
-0.347,-0.345,12
-0.345,-0.343,5
-0.343,-0.341,16
-0.341,-0.339,16
-0.339,-0.337,21
-0.337,-0.335,18
-0.335,-0.333,21
-0.333,-0.331,19
-0.331,-0.329,15
-0.329,-0.327,10
-0.327,-0.325,18
-0.325,-0.323,9
-0.323,-0.321,8
-0.321,-0.319,22
-0.319,-0.317,25
-0.317,-0.315,7
-0.315,-0.313,11
-0.313,-0.311,11
-0.311,-0.309,17
-0.309,-0.307,16
-0.307,-0.305,16
-0.305,-0.303,13
-0.303,-0.301,13
-0.301,-0.299,13
-0.299,-0.297,11
-0.297,-0.295,16
-0.295,-0.293,8
-0.293,-0.291,17
-0.291,-0.289,7
-0.289,-0.287,32
-0.287,-0.285,12
-0.285,-0.283,20
-0.283,-0.281,8
-0.281,-0.279,17
-0.279,-0.277,14
-0.277,-0.275,6
-0.275,-0.273,12
-0.273,-0.271,15
-0.271,-0.269,17
-0.269,-0.267,24
-0.267,-0.265,13
-0.265,-0.263,25
-0.263,-0.261,18
-0.261,-0.259,10
-0.259,-0.257,16
-0.257,-0.255,19
-0.255,-0.253,15
-0.253,-0.251,18
-0.251,-0.249,11
-0.249,-0.247,22
-0.247,-0.245,10
-0.245,-0.243,22
-0.243,-0.241,17
-0.241,-0.239,21
-0.239,-0.237,15
-0.237,-0.235,11
-0.235,-0.233,12
-0.233,-0.231,11
-0.231,-0.229,39
-0.229,-0.227,19
-0.227,-0.225,12
-0.225,-0.223,10
-0.223,-0.221,18
-0.221,-0.219,19
-0.219,-0.217,14
-0.217,-0.215,21
-0.215,-0.213,23
-0.213,-0.211,14
-0.211,-0.209,13
-0.209,-0.207,24
-0.207,-0.205,11
-0.205,-0.203,6
-0.203,-0.201,13
-0.201,-0.199,23
-0.199,-0.197,9
-0.197,-0.195,27
-0.195,-0.193,10
-0.193,-0.191,15
-0.191,-0.189,8
-0.189,-0.187,15
-0.187,-0.185,30
-0.185,-0.183,11
-0.183,-0.181,9
-0.181,-0.179,8
-0.179,-0.177,14
-0.177,-0.175,25
-0.175,-0.173,26
-0.173,-0.171,16
-0.171,-0.169,16
-0.169,-0.167,13
-0.167,-0.165,17
-0.165,-0.163,18
-0.163,-0.161,15
-0.161,-0.159,13
-0.159,-0.157,8
-0.157,-0.155,26
-0.155,-0.153,8
-0.153,-0.151,7
-0.151,-0.149,18
-0.149,-0.147,13
-0.147,-0.145,22
-0.145,-0.143,9
-0.143,-0.141,13
-0.141,-0.139,14
-0.139,-0.137,18
-0.137,-0.135,13
-0.135,-0.133,11
-0.133,-0.131,11
-0.131,-0.129,16
-0.129,-0.127,15
-0.127,-0.125,9
-0.125,-0.123,17
-0.123,-0.121,9
-0.121,-0.119,21
-0.119,-0.117,10
-0.117,-0.115,12
-0.115,-0.113,22
-0.113,-0.111,12
-0.111,-0.109,14
-0.109,-0.107,27
-0.107,-0.105,25
-0.105,-0.103,29
-0.103,-0.101,7
-0.101,-0.099,23
-0.099,-0.097,18
-0.097,-0.095,7
-0.095,-0.093,25
-0.093,-0.091,13
-0.091,-0.089,32
-0.089,-0.087,7
-0.087,-0.085,18
-0.085,-0.083,10
-0.083,-0.081,18
-0.081,-0.079,12
-0.079,-0.077,11
-0.077,-0.075,13
-0.075,-0.073,16
-0.073,-0.071,18
-0.071,-0.069,13
-0.069,-0.067,15
-0.067,-0.065,8
-0.065,-0.063,29
-0.063,-0.061,26
-0.061,-0.059,15
-0.059,-0.057,13
-0.057,-0.055,27
-0.055,-0.053,10
-0.053,-0.051,8
-0.051,-0.049,16
-0.049,-0.047,8
-0.047,-0.045,13
-0.045,-0.043,27
-0.043,-0.041,37
-0.041,-0.039,22
-0.039,-0.037,21
-0.037,-0.035,15
-0.035,-0.033,22
-0.033,-0.031,26
-0.031,-0.029,19
-0.029,-0.027,20
-0.027,-0.025,14
-0.025,-0.023,14
-0.023,-0.021,12
-0.021,-0.019,15
-0.019,-0.017,21
-0.017,-0.015,22
-0.015,-0.013,25
-0.013,-0.011,19
-0.011,-0.009,10
-0.009,-0.007,7
-0.007,-0.005,12
-0.005,-0.003,16
-0.003,-0.001,16
-0.001,0.001,22
0.001,0.003,29
0.003,0.005,33
0.005,0.007,24
0.007,0.009,27
0.009,0.011,31
0.011,0.013,13
0.013,0.015,20
0.015,0.017,29
0.017,0.019,30
0.019,0.021,23
0.021,0.023,17
0.023,0.025,27
0.025,0.027,45
0.027,0.029,64
0.029,0.031,56
0.031,0.033,52
0.033,0.035,42
0.035,0.037,43
0.037,0.039,48
0.039,0.041,53
0.041,0.043,48
0.043,0.045,48
0.045,0.047,47
0.047,0.049,43
0.049,0.051,28
0.051,0.053,21
0.053,0.055,33
0.055,0.057,40
0.057,0.059,33
0.059,0.061,30
0.061,0.063,23
0.063,0.065,26
0.065,0.067,29
0.067,0.069,24
0.069,0.071,28
0.071,0.073,39
0.073,0.075,37
0.075,0.077,49
0.077,0.079,36
0.079,0.081,27
0.081,0.083,25
0.083,0.085,36
0.085,0.087,28
0.087,0.089,31
0.089,0.091,31
0.091,0.093,26
0.093,0.095,30
0.095,0.097,28
0.097,0.099,26
0.099,0.101,40
0.101,0.103,42
0.103,0.105,26
0.105,0.107,29
0.107,0.109,28
0.109,0.111,26
0.111,0.113,40
0.113,0.115,18
0.115,0.117,9
0.117,0.119,24
0.119,0.121,10
0.121,0.123,16
0.123,0.125,19
0.125,0.127,16
0.127,0.129,17
0.129,0.131,15
0.131,0.133,17
0.133,0.135,17
0.135,0.137,16
0.137,0.139,9
0.139,0.141,14
0.141,0.143,10
0.143,0.145,11
0.145,0.147,28
0.147,0.149,14
0.149,0.151,18
0.151,0.153,9
0.153,0.155,12
0.155,0.157,15
0.157,0.159,26
0.159,0.161,21
0.161,0.163,11
0.163,0.165,19
0.165,0.167,7
0.167,0.169,11
0.169,0.171,12
0.171,0.173,14
0.173,0.175,18
0.175,0.177,16
0.177,0.179,27
0.179,0.181,13
0.181,0.183,28
0.183,0.185,11
0.185,0.187,22
0.187,0.189,12
0.189,0.191,14
0.191,0.193,17
0.193,0.195,9
0.195,0.197,5
0.197,0.199,15
0.199,0.201,22
0.201,0.203,24
0.203,0.205,21
0.205,0.207,19
0.207,0.209,12
0.209,0.211,47
0.211,0.213,25
0.213,0.215,14
0.215,0.217,14
0.217,0.219,20
0.219,0.221,14
0.221,0.223,16
0.223,0.225,22
0.225,0.227,13
0.227,0.229,11
0.229,0.231,13
0.231,0.233,22
0.233,0.235,18
0.235,0.237,21
0.237,0.239,26
0.239,0.241,22
0.241,0.243,11
0.243,0.245,11
0.245,0.247,21
0.247,0.249,16
0.249,0.251,17
0.251,0.253,5
0.253,0.255,11
0.255,0.257,10
0.257,0.259,11
0.259,0.261,11
0.261,0.263,9
0.263,0.265,13
0.265,0.267,15
0.267,0.269,12
0.269,0.271,10
0.271,0.273,14
0.273,0.275,23
0.275,0.277,14
0.277,0.279,27
0.279,0.281,13
0.281,0.283,17
0.283,0.285,11
0.285,0.287,12
0.287,0.289,13
0.289,0.291,10
0.291,0.293,8
0.293,0.295,21
0.295,0.297,14
0.297,0.299,12
0.299,0.301,15
0.301,0.303,19
0.303,0.305,10
0.305,0.307,18
0.307,0.309,16
0.309,0.311,12
0.311,0.313,16
0.313,0.315,9
0.315,0.317,12
0.317,0.319,15
0.319,0.321,16
0.321,0.323,10
0.323,0.325,11
0.325,0.327,20
0.327,0.329,12
0.329,0.331,14
0.331,0.333,24
0.333,0.335,14
0.335,0.337,19
0.337,0.339,17
0.339,0.341,13
0.341,0.343,20
0.343,0.345,27
0.345,0.347,23
0.347,0.349,6
0.349,0.351,7
0.351,0.353,22
0.353,0.355,26
0.355,0.357,17
0.357,0.359,15
0.359,0.361,20
0.361,0.363,2
0.363,0.365,10
0.365,0.367,11
0.367,0.369,16
0.369,0.371,6
0.371,0.373,19
0.373,0.375,27
0.375,0.377,15
0.377,0.379,9
0.379,0.381,8
0.381,0.383,14
0.383,0.385,8
0.385,0.387,8
0.387,0.389,40
0.389,0.391,21
0.391,0.393,14
0.393,0.395,29
0.395,0.397,17
0.397,0.399,9
0.399,0.401,9
0.401,0.403,17
0.403,0.405,20
0.405,0.407,11
0.407,0.409,22
0.409,0.411,16
0.411,0.413,20
0.413,0.415,10
0.415,0.417,16
0.417,0.419,12
0.419,0.421,16
0.421,0.423,15
0.423,0.425,19
0.425,0.427,28
0.427,0.429,12
0.429,0.431,7
0.431,0.433,6
0.433,0.435,19
0.435,0.437,13
0.437,0.439,22
0.439,0.441,12
0.441,0.443,9
0.443,0.445,29
0.445,0.447,15
0.447,0.449,19
0.449,0.451,18
0.451,0.453,16
0.453,0.455,6
0.455,0.457,14
0.457,0.459,16
0.459,0.461,20
0.461,0.463,10
0.463,0.465,15
0.465,0.467,23
0.467,0.469,12
0.469,0.471,15
0.471,0.473,16
0.473,0.475,15
0.475,0.477,19
0.477,0.479,17
0.479,0.481,13
0.481,0.483,11
0.483,0.485,17
0.485,0.487,15
0.487,0.489,18
0.489,0.491,19
0.491,0.493,17
0.493,0.495,21
0.495,0.497,11
0.497,0.499,17
0.499,0.501,15
0.501,0.503,5
0.503,0.505,19
0.505,0.507,17
0.507,0.509,19
0.509,0.511,23
0.511,0.513,9
0.513,0.515,21
0.515,0.517,11
0.517,0.519,12
0.519,0.521,24
0.521,0.523,10
0.523,0.525,19
0.525,0.527,16
0.527,0.529,10
0.529,0.531,7
0.531,0.533,9
0.533,0.535,8
0.535,0.537,12
0.537,0.539,28
0.539,0.541,12
0.541,0.543,14
0.543,0.545,20
0.545,0.547,14
0.547,0.549,19
0.549,0.551,29
0.551,0.553,10
0.553,0.555,19
0.555,0.557,22
0.557,0.559,38
0.559,0.561,13
0.561,0.563,22
0.563,0.565,24
0.565,0.567,14
0.567,0.569,15
0.569,0.571,5
0.571,0.573,13
0.573,0.575,15
0.575,0.577,14
0.577,0.579,4
0.579,0.581,15
0.581,0.583,21
0.583,0.585,12
0.585,0.587,19
0.587,0.589,24
0.589,0.591,10
0.591,0.593,8
0.593,0.595,5
0.595,0.597,18
0.597,0.599,5
0.599,0.601,9
0.601,0.603,14
0.603,0.605,16
0.605,0.607,9
0.607,0.609,19
0.609,0.611,22
0.611,0.613,14
0.613,0.615,18
0.615,0.617,16
0.617,0.619,7
0.619,0.621,14
0.621,0.623,20
0.623,0.625,23
0.625,0.627,11
0.627,0.629,10
0.629,0.631,32
0.631,0.633,7
0.633,0.635,17
0.635,0.637,26
0.637,0.639,6
0.639,0.641,11
0.641,0.643,10
0.643,0.645,18
0.645,0.647,8
0.647,0.649,8
0.649,0.651,7
0.651,0.653,16
0.653,0.655,4
0.655,0.657,27
0.657,0.659,9
0.659,0.661,6
0.661,0.663,7
0.663,0.665,28
0.665,0.667,3
0.667,0.669,20
0.669,0.671,11
0.671,0.673,17
0.673,0.675,19
0.675,0.677,19
0.677,0.679,16
0.679,0.681,26
0.681,0.683,22
0.683,0.685,13
0.685,0.687,19
0.687,0.689,13
0.689,0.691,15
0.691,0.693,10
0.693,0.695,13
0.695,0.697,12
0.697,0.699,24
0.699,0.701,9
0.701,0.703,10
0.703,0.705,23
0.705,0.707,28
0.707,0.709,11
0.709,0.711,11
0.711,0.713,8
0.713,0.715,14
0.715,0.717,9
0.717,0.719,17
0.719,0.721,15
0.721,0.723,7
0.723,0.725,16
0.725,0.727,20
0.727,0.729,17
0.729,0.731,13
0.731,0.733,23
0.733,0.735,17
0.735,0.737,26
0.737,0.739,5
0.739,0.741,16
0.741,0.743,25
0.743,0.745,17
0.745,0.747,17
0.747,0.749,7
0.749,0.751,16
0.751,0.753,25
0.753,0.755,16
0.755,0.757,14
0.757,0.759,24
0.759,0.761,7
0.761,0.763,7
0.763,0.765,19
0.765,0.767,21
0.767,0.769,9
0.769,0.771,14
0.771,0.773,10
0.773,0.775,17
0.775,0.777,15
0.777,0.779,11
0.779,0.781,13
0.781,0.783,11
0.783,0.785,24
0.785,0.787,19
0.787,0.789,13
0.789,0.791,12
0.791,0.793,8
0.793,0.795,11
0.795,0.797,3
0.797,0.799,18
0.799,0.801,16
0.801,0.803,26
0.803,0.805,13
0.805,0.807,9
0.807,0.809,30
0.809,0.811,13
0.811,0.813,9
0.813,0.815,32
0.815,0.817,18
0.817,0.819,22
0.819,0.821,11
0.821,0.823,36
0.823,0.825,14
0.825,0.827,19
0.827,0.829,10
0.829,0.831,4
0.831,0.833,25
0.833,0.835,24
0.835,0.837,1
0.837,0.839,11
0.839,0.841,16
0.841,0.843,15
0.843,0.845,13
0.845,0.847,16
0.847,0.849,15
0.849,0.851,18
0.851,0.853,10
0.853,0.855,6
0.855,0.857,6
0.857,0.859,16
0.859,0.861,22
0.861,0.863,17
0.863,0.865,18
0.865,0.867,15
0.867,0.869,12
0.869,0.871,18
0.871,0.873,8
0.873,0.875,10
0.875,0.877,13
0.877,0.879,16
0.879,0.881,13
0.881,0.883,15
0.883,0.885,26
0.885,0.887,28
0.887,0.889,6
0.889,0.891,15
0.891,0.893,10
0.893,0.895,28
0.895,0.897,19
0.897,0.899,17
0.899,0.901,15
0.901,0.903,12
0.903,0.905,7
0.905,0.907,32
0.907,0.909,17
0.909,0.911,5
0.911,0.913,23
0.913,0.915,19
0.915,0.917,3
0.917,0.919,8
0.919,0.921,10
0.921,0.923,16
0.923,0.925,21
0.925,0.927,7
0.927,0.929,12
0.929,0.931,12
0.931,0.933,19
0.933,0.935,13
0.935,0.937,8
0.937,0.939,9
0.939,0.941,20
0.941,0.943,21
0.943,0.945,7
0.945,0.947,7
0.947,0.949,16
0.949,0.951,28
0.951,0.953,14
0.953,0.955,18
0.955,0.957,14
0.957,0.959,8
0.959,0.961,18
0.961,0.963,7
