Ti,Tf,Counts
-0.512,-0.48,0
-0.48,-0.44799999999999995,0
-0.44799999999999995,-0.4159999999999999,0
-0.4159999999999999,-0.3839999999999999,0
-0.3839999999999999,-0.35199999999999987,0
-0.35199999999999987,-0.31999999999999984,0
-0.31999999999999984,-0.2879999999999998,0
-0.2879999999999998,-0.2559999999999998,0
-0.2559999999999998,-0.22399999999999975,0
-0.22399999999999975,-0.19199999999999973,0
-0.19199999999999973,-0.1599999999999997,0
-0.1599999999999997,-0.12799999999999967,0
-0.12799999999999967,-0.09599999999999964,0
-0.09599999999999964,-0.06399999999999961,0
-0.06399999999999961,-0.031999999999999584,0
-0.031999999999999584,4.440892098500626e-16,0
4.440892098500626e-16,0.03200000000000047,0
0.03200000000000047,0.0640000000000005,0
0.0640000000000005,0.09600000000000053,0
0.09600000000000053,0.12800000000000056,0
0.12800000000000056,0.1600000000000006,0
0.1600000000000006,0.19200000000000061,0
0.19200000000000061,0.22400000000000064,0
0.22400000000000064,0.25600000000000067,0
0.25600000000000067,0.2880000000000007,0
0.2880000000000007,0.32000000000000073,0
0.32000000000000073,0.35200000000000076,0
0.35200000000000076,0.3840000000000008,0
0.3840000000000008,0.4160000000000008,0
0.4160000000000008,0.44800000000000084,0
0.44800000000000084,0.48000000000000087,0
0.48000000000000087,0.5120000000000009,0
0.5120000000000009,0.5440000000000009,0
0.5440000000000009,0.576000000000001,0
0.576000000000001,0.608000000000001,0
0.608000000000001,0.640000000000001,0
0.640000000000001,0.672000000000001,0
0.672000000000001,0.7040000000000011,0
0.7040000000000011,0.7360000000000011,0
0.7360000000000011,0.7680000000000011,1
0.7680000000000011,0.8000000000000012,193
0.8000000000000012,0.8320000000000012,216
0.8320000000000012,0.8640000000000012,201
0.8640000000000012,0.8960000000000012,198
0.8960000000000012,0.9280000000000013,198
0.9280000000000013,0.9600000000000013,265
0.9600000000000013,0.9920000000000013,204
0.9920000000000013,1.0240000000000014,238
1.0240000000000014,1.0560000000000014,192
1.0560000000000014,1.0880000000000014,219
1.0880000000000014,1.1200000000000014,208
1.1200000000000014,1.1520000000000015,234
1.1520000000000015,1.1840000000000015,251
1.1840000000000015,1.2160000000000015,145
1.2160000000000015,1.2480000000000016,203
1.2480000000000016,1.2800000000000016,184
1.2800000000000016,1.3120000000000016,187
1.3120000000000016,1.3440000000000016,201
1.3440000000000016,1.3760000000000017,203
1.3760000000000017,1.4080000000000017,167
1.4080000000000017,1.4400000000000017,186
1.4400000000000017,1.4720000000000018,242
1.4720000000000018,1.5040000000000018,243
1.5040000000000018,1.5360000000000018,233
1.5360000000000018,1.5680000000000018,211
1.5680000000000018,1.6000000000000019,248
1.6000000000000019,1.632000000000002,254
1.632000000000002,1.664000000000002,299
1.664000000000002,1.696000000000002,255
1.696000000000002,1.728000000000002,205
1.728000000000002,1.760000000000002,242
1.760000000000002,1.792000000000002,579
1.792000000000002,1.824000000000002,291
1.824000000000002,1.856000000000002,182
1.856000000000002,1.8880000000000021,252
1.8880000000000021,1.9200000000000021,207
1.9200000000000021,1.9520000000000022,230
1.9520000000000022,1.9840000000000022,239
1.9840000000000022,2.0160000000000022,265
2.0160000000000022,2.0480000000000023,225
2.0480000000000023,2.0800000000000023,208
2.0800000000000023,2.1120000000000023,205
2.1120000000000023,2.1440000000000023,237
2.1440000000000023,2.1760000000000024,234
2.1760000000000024,2.2080000000000024,227
2.2080000000000024,2.2400000000000024,243
2.2400000000000024,2.2720000000000025,255
2.2720000000000025,2.3040000000000025,205
2.3040000000000025,2.3360000000000025,237
2.3360000000000025,2.3680000000000025,189
2.3680000000000025,2.4000000000000026,255
2.4000000000000026,2.4320000000000026,214
2.4320000000000026,2.4640000000000026,213
2.4640000000000026,2.4960000000000027,233
2.4960000000000027,2.5280000000000027,244
2.5280000000000027,2.5600000000000027,189
2.5600000000000027,2.5920000000000027,210
2.5920000000000027,2.6240000000000028,269
2.6240000000000028,2.656000000000003,334
2.656000000000003,2.688000000000003,346
2.688000000000003,2.720000000000003,361
2.720000000000003,2.752000000000003,516
2.752000000000003,2.784000000000003,469
2.784000000000003,2.816000000000003,577
2.816000000000003,2.848000000000003,570
2.848000000000003,2.880000000000003,341
2.880000000000003,2.912000000000003,373
2.912000000000003,2.944000000000003,306
2.944000000000003,2.976000000000003,210
2.976000000000003,3.008000000000003,233
3.008000000000003,3.040000000000003,326
3.040000000000003,3.072000000000003,483
3.072000000000003,3.104000000000003,375
3.104000000000003,3.1360000000000032,351
3.1360000000000032,3.1680000000000033,404
3.1680000000000033,3.2000000000000033,392
3.2000000000000033,3.2320000000000033,235
3.2320000000000033,3.2640000000000033,239
3.2640000000000033,3.2960000000000034,234
3.2960000000000034,3.3280000000000034,238
3.3280000000000034,3.3600000000000034,215
3.3600000000000034,3.3920000000000035,253
3.3920000000000035,3.4240000000000035,232
3.4240000000000035,3.4560000000000035,176
3.4560000000000035,3.4880000000000035,172
3.4880000000000035,3.5200000000000036,221
3.5200000000000036,3.5520000000000036,236
3.5520000000000036,3.5840000000000036,285
3.5840000000000036,3.6160000000000037,246
3.6160000000000037,3.6480000000000037,218
3.6480000000000037,3.6800000000000037,293
3.6800000000000037,3.7120000000000037,202
3.7120000000000037,3.7440000000000038,273
3.7440000000000038,3.776000000000004,289
3.776000000000004,3.808000000000004,21
3.808000000000004,3.840000000000004,0
3.840000000000004,3.872000000000004,0
3.872000000000004,3.904000000000004,0
3.904000000000004,3.936000000000004,0
3.936000000000004,3.968000000000004,0
3.968000000000004,4.0000000000000036,0
4.0000000000000036,4.032000000000004,0
4.032000000000004,4.064000000000004,0
4.064000000000004,4.096000000000004,0
4.096000000000004,4.128000000000004,0
4.128000000000004,4.160000000000004,0
4.160000000000004,4.192000000000004,0
4.192000000000004,4.224000000000004,0
4.224000000000004,4.256000000000004,0
4.256000000000004,4.288000000000004,0
4.288000000000004,4.320000000000004,0
4.320000000000004,4.352000000000004,0
4.352000000000004,4.384000000000004,0
4.384000000000004,4.416000000000004,0
4.416000000000004,4.448000000000004,0
4.448000000000004,4.480000000000004,0
4.480000000000004,4.512000000000004,0
4.512000000000004,4.544000000000004,0
4.544000000000004,4.576000000000004,0
4.576000000000004,4.608000000000004,0
4.608000000000004,4.640000000000004,0
4.640000000000004,4.672000000000004,0
4.672000000000004,4.704000000000004,0
4.704000000000004,4.736000000000004,0
4.736000000000004,4.768000000000004,0
4.768000000000004,4.800000000000004,0
4.800000000000004,4.832000000000004,0
4.832000000000004,4.864000000000004,0
4.864000000000004,4.896000000000004,0
4.896000000000004,4.928000000000004,0
4.928000000000004,4.960000000000004,10
4.960000000000004,4.992000000000004,202
4.992000000000004,5.0240000000000045,212
5.0240000000000045,5.0560000000000045,245
5.0560000000000045,5.0880000000000045,197
5.0880000000000045,5.1200000000000045,205
5.1200000000000045,5.152000000000005,199
5.152000000000005,5.184000000000005,195
5.184000000000005,5.216000000000005,230
5.216000000000005,5.248000000000005,227
5.248000000000005,5.280000000000005,237
5.280000000000005,5.312000000000005,217
5.312000000000005,5.344000000000005,235
5.344000000000005,5.376000000000005,271
5.376000000000005,5.408000000000005,228
5.408000000000005,5.440000000000005,227
5.440000000000005,5.472000000000005,258
5.472000000000005,5.504000000000005,205
5.504000000000005,5.536000000000005,251
5.536000000000005,5.568000000000005,241
5.568000000000005,5.600000000000005,232
5.600000000000005,5.632000000000005,212
5.632000000000005,5.664000000000005,255
5.664000000000005,5.696000000000005,242
5.696000000000005,5.728000000000005,265
5.728000000000005,5.760000000000005,225
5.760000000000005,5.792000000000005,281
5.792000000000005,5.824000000000005,241
5.824000000000005,5.856000000000005,244
5.856000000000005,5.888000000000005,283
5.888000000000005,5.920000000000005,280
5.920000000000005,5.952000000000005,335
5.952000000000005,5.984000000000005,431
5.984000000000005,6.016000000000005,356
6.016000000000005,6.048000000000005,329
6.048000000000005,6.080000000000005,395
6.080000000000005,6.112000000000005,538
6.112000000000005,6.1440000000000055,681
6.1440000000000055,6.1760000000000055,540
6.1760000000000055,6.2080000000000055,420
6.2080000000000055,6.2400000000000055,297
6.2400000000000055,6.272000000000006,322
6.272000000000006,6.304000000000006,453
6.304000000000006,6.336000000000006,449
6.336000000000006,6.368000000000006,395
6.368000000000006,6.400000000000006,493
6.400000000000006,6.432000000000006,480
6.432000000000006,6.464000000000006,348
6.464000000000006,6.496000000000006,441
6.496000000000006,6.528000000000006,308
6.528000000000006,6.560000000000006,273
6.560000000000006,6.592000000000006,289
6.592000000000006,6.624000000000006,265
6.624000000000006,6.656000000000006,273
6.656000000000006,6.688000000000006,265
6.688000000000006,6.720000000000006,354
6.720000000000006,6.752000000000006,317
6.752000000000006,6.784000000000006,269
6.784000000000006,6.816000000000006,252
6.816000000000006,6.848000000000006,320
6.848000000000006,6.880000000000006,376
6.880000000000006,6.912000000000006,332
6.912000000000006,6.944000000000006,340
6.944000000000006,6.976000000000006,333
6.976000000000006,7.008000000000006,391
7.008000000000006,7.040000000000006,486
7.040000000000006,7.072000000000006,527
7.072000000000006,7.104000000000006,546
7.104000000000006,7.136000000000006,637
7.136000000000006,7.168000000000006,693
7.168000000000006,7.200000000000006,702
7.200000000000006,7.232000000000006,415
7.232000000000006,7.2640000000000065,275
7.2640000000000065,7.2960000000000065,386
7.2960000000000065,7.3280000000000065,396
7.3280000000000065,7.3600000000000065,524
7.3600000000000065,7.392000000000007,696
7.392000000000007,7.424000000000007,539
7.424000000000007,7.456000000000007,494
7.456000000000007,7.488000000000007,382
7.488000000000007,7.520000000000007,376
7.520000000000007,7.552000000000007,389
7.552000000000007,7.584000000000007,375
7.584000000000007,7.616000000000007,361
7.616000000000007,7.648000000000007,310
7.648000000000007,7.680000000000007,299
7.680000000000007,7.712000000000007,320
7.712000000000007,7.744000000000007,394
7.744000000000007,7.776000000000007,317
7.776000000000007,7.808000000000007,428
7.808000000000007,7.840000000000007,417
7.840000000000007,7.872000000000007,349
7.872000000000007,7.904000000000007,280
7.904000000000007,7.936000000000007,281
7.936000000000007,7.968000000000007,249
7.968000000000007,8.000000000000007,153
8.000000000000007,8.032000000000007,0
8.032000000000007,8.064000000000007,0
8.064000000000007,8.096000000000007,0
8.096000000000007,8.128000000000007,0
8.128000000000007,8.160000000000007,0
8.160000000000007,8.192000000000007,0
8.192000000000007,8.224000000000007,0
8.224000000000007,8.256000000000007,0
8.256000000000007,8.288000000000007,0
8.288000000000007,8.320000000000007,0
8.320000000000007,8.352000000000007,0
8.352000000000007,8.384000000000007,0
8.384000000000007,8.416000000000007,0
8.416000000000007,8.448000000000008,0
8.448000000000008,8.480000000000008,0
8.480000000000008,8.512000000000008,0
8.512000000000008,8.544000000000008,0
