Ti,Tf,Counts
-0.961,-0.945,27
-0.945,-0.929,51
-0.929,-0.913,45
-0.913,-0.897,32
-0.897,-0.881,55
-0.881,-0.865,47
-0.865,-0.849,27
-0.849,-0.833,67
-0.833,-0.817,55
-0.817,-0.801,39
-0.801,-0.785,44
-0.785,-0.769,35
-0.769,-0.753,48
-0.753,-0.737,43
-0.737,-0.721,39
-0.721,-0.705,58
-0.705,-0.689,43
-0.689,-0.673,50
-0.673,-0.657,42
-0.657,-0.641,66
-0.641,-0.625,46
-0.625,-0.609,61
-0.609,-0.593,57
-0.593,-0.577,39
-0.577,-0.561,54
-0.561,-0.545,45
-0.545,-0.529,59
-0.529,-0.513,64
-0.513,-0.497,43
-0.497,-0.481,45
-0.481,-0.465,54
-0.465,-0.449,50
-0.449,-0.433,31
-0.433,-0.417,53
-0.417,-0.401,63
-0.401,-0.385,55
-0.385,-0.369,33
-0.369,-0.353,69
-0.353,-0.337,39
-0.337,-0.321,28
-0.321,-0.305,57
-0.305,-0.289,50
-0.289,-0.273,54
-0.273,-0.257,41
-0.257,-0.241,42
-0.241,-0.225,31
-0.225,-0.209,43
-0.209,-0.193,37
-0.193,-0.177,54
-0.177,-0.161,37
-0.161,-0.145,25
-0.145,-0.129,46
-0.129,-0.113,66
-0.113,-0.097,54
-0.097,-0.081,57
-0.081,-0.065,36
-0.065,-0.049,43
-0.049,-0.033,47
-0.033,-0.017,61
-0.017,-0.001,61
-0.001,0.015,119
0.015,0.031,118
0.031,0.047,134
0.047,0.063,112
0.063,0.079,211
0.079,0.095,209
0.095,0.111,223
0.111,0.127,269
0.127,0.143,227
0.143,0.159,213
0.159,0.175,233
0.175,0.191,133
0.191,0.207,92
0.207,0.223,75
0.223,0.239,61
0.239,0.255,32
0.255,0.271,56
0.271,0.287,45
0.287,0.303,44
0.303,0.319,51
0.319,0.335,30
0.335,0.351,46
0.351,0.367,40
0.367,0.383,43
0.383,0.399,52
0.399,0.415,34
0.415,0.431,63
0.431,0.447,64
0.447,0.463,37
0.463,0.479,54
0.479,0.495,33
0.495,0.511,44
0.511,0.527,64
0.527,0.543,44
0.543,0.559,56
0.559,0.575,36
0.575,0.591,42
0.591,0.607,45
0.607,0.623,50
0.623,0.639,36
0.639,0.655,56
0.655,0.671,41
0.671,0.687,41
0.687,0.703,39
0.703,0.719,39
0.719,0.735,38
0.735,0.751,44
0.751,0.767,30
0.767,0.783,44
0.783,0.799,57
0.799,0.815,40
0.815,0.831,36
0.831,0.847,41
0.847,0.863,58
0.863,0.879,67
0.879,0.895,44
0.895,0.911,54
0.911,0.927,38
0.927,0.943,43
0.943,0.959,50
0.959,0.975,38
0.975,0.991,47
0.991,1.007,39
1.007,1.023,43
1.023,1.039,37
1.039,1.055,36
