Ti,Tf,Counts
-1.001,-0.999,5
-0.999,-0.997,1
-0.997,-0.995,5
-0.995,-0.993,5
-0.993,-0.991,2
-0.991,-0.989,6
-0.989,-0.987,4
-0.987,-0.985,5
-0.985,-0.983,6
-0.983,-0.981,5
-0.981,-0.979,3
-0.979,-0.977,5
-0.977,-0.975,3
-0.975,-0.973,11
-0.973,-0.971,3
-0.971,-0.969,1
-0.969,-0.967,0
-0.967,-0.965,8
-0.965,-0.963,7
-0.963,-0.961,8
-0.961,-0.959,6
-0.959,-0.957,2
-0.957,-0.955,15
-0.955,-0.953,3
-0.953,-0.951,6
-0.951,-0.949,7
-0.949,-0.947,3
-0.947,-0.945,5
-0.945,-0.943,3
-0.943,-0.941,6
-0.941,-0.939,4
-0.939,-0.937,3
-0.937,-0.935,2
-0.935,-0.933,4
-0.933,-0.931,12
-0.931,-0.929,0
-0.929,-0.927,3
-0.927,-0.925,3
-0.925,-0.923,11
-0.923,-0.921,3
-0.921,-0.919,7
-0.919,-0.917,5
-0.917,-0.915,7
-0.915,-0.913,2
-0.913,-0.911,7
-0.911,-0.909,2
-0.909,-0.907,12
-0.907,-0.905,15
-0.905,-0.903,3
-0.903,-0.901,7
-0.901,-0.899,5
-0.899,-0.897,12
-0.897,-0.895,1
-0.895,-0.893,8
-0.893,-0.891,7
-0.891,-0.889,5
-0.889,-0.887,5
-0.887,-0.885,10
-0.885,-0.883,3
-0.883,-0.881,0
-0.881,-0.879,3
-0.879,-0.877,2
-0.877,-0.875,4
-0.875,-0.873,4
-0.873,-0.871,1
-0.871,-0.869,1
-0.869,-0.867,4
-0.867,-0.865,3
-0.865,-0.863,3
-0.863,-0.861,5
-0.861,-0.859,15
-0.859,-0.857,0
-0.857,-0.855,7
-0.855,-0.853,3
-0.853,-0.851,3
-0.851,-0.849,3
-0.849,-0.847,6
-0.847,-0.845,5
-0.845,-0.843,2
-0.843,-0.841,10
-0.841,-0.839,4
-0.839,-0.837,4
-0.837,-0.835,3
-0.835,-0.833,9
-0.833,-0.831,4
-0.831,-0.829,1
-0.829,-0.827,7
-0.827,-0.825,0
-0.825,-0.823,8
-0.823,-0.821,3
-0.821,-0.819,1
-0.819,-0.817,5
-0.817,-0.815,3
-0.815,-0.813,14
-0.813,-0.811,6
-0.811,-0.809,2
-0.809,-0.807,2
-0.807,-0.805,4
-0.805,-0.803,2
-0.803,-0.801,3
-0.801,-0.799,6
-0.799,-0.797,3
-0.797,-0.795,5
-0.795,-0.793,2
-0.793,-0.791,10
-0.791,-0.789,3
-0.789,-0.787,2
-0.787,-0.785,7
-0.785,-0.783,8
-0.783,-0.781,6
-0.781,-0.779,6
-0.779,-0.777,1
-0.777,-0.775,7
-0.775,-0.773,3
-0.773,-0.771,4
-0.771,-0.769,2
-0.769,-0.767,4
-0.767,-0.765,5
-0.765,-0.763,1
-0.763,-0.761,1
-0.761,-0.759,3
-0.759,-0.757,2
-0.757,-0.755,6
-0.755,-0.753,6
-0.753,-0.751,1
-0.751,-0.749,12
-0.749,-0.747,3
-0.747,-0.745,4
-0.745,-0.743,2
-0.743,-0.741,7
-0.741,-0.739,3
-0.739,-0.737,3
-0.737,-0.735,3
-0.735,-0.733,4
-0.733,-0.731,11
-0.731,-0.729,10
-0.729,-0.727,5
-0.727,-0.725,2
-0.725,-0.723,5
-0.723,-0.721,3
-0.721,-0.719,8
-0.719,-0.717,4
-0.717,-0.715,5
-0.715,-0.713,5
-0.713,-0.711,3
-0.711,-0.709,5
-0.709,-0.707,5
-0.707,-0.705,0
-0.705,-0.703,3
-0.703,-0.701,3
-0.701,-0.699,2
-0.699,-0.697,4
-0.697,-0.695,3
-0.695,-0.693,8
-0.693,-0.691,1
-0.691,-0.689,2
-0.689,-0.687,5
-0.687,-0.685,5
-0.685,-0.683,8
-0.683,-0.681,2
-0.681,-0.679,5
-0.679,-0.677,4
-0.677,-0.675,7
-0.675,-0.673,4
-0.673,-0.671,4
-0.671,-0.669,3
-0.669,-0.667,4
-0.667,-0.665,6
-0.665,-0.663,6
-0.663,-0.661,2
-0.661,-0.659,8
-0.659,-0.657,5
-0.657,-0.655,3
-0.655,-0.653,6
-0.653,-0.651,5
-0.651,-0.649,2
-0.649,-0.647,7
-0.647,-0.645,5
-0.645,-0.643,2
-0.643,-0.641,2
-0.641,-0.639,3
-0.639,-0.637,4
-0.637,-0.635,1
-0.635,-0.633,0
-0.633,-0.631,10
-0.631,-0.629,11
-0.629,-0.627,1
-0.627,-0.625,5
-0.625,-0.623,7
-0.623,-0.621,3
-0.621,-0.619,5
-0.619,-0.617,2
-0.617,-0.615,4
-0.615,-0.613,2
-0.613,-0.611,8
-0.611,-0.609,6
-0.609,-0.607,6
-0.607,-0.605,9
-0.605,-0.603,9
-0.603,-0.601,9
-0.601,-0.599,11
-0.599,-0.597,6
-0.597,-0.595,3
-0.595,-0.593,9
-0.593,-0.591,0
-0.591,-0.589,4
-0.589,-0.587,2
-0.587,-0.585,2
-0.585,-0.583,2
-0.583,-0.581,5
-0.581,-0.579,11
-0.579,-0.577,1
-0.577,-0.575,4
-0.575,-0.573,5
-0.573,-0.571,3
-0.571,-0.569,8
-0.569,-0.567,8
-0.567,-0.565,4
-0.565,-0.563,2
-0.563,-0.561,3
-0.561,-0.559,5
-0.559,-0.557,3
-0.557,-0.555,6
-0.555,-0.553,10
-0.553,-0.551,9
-0.551,-0.549,4
-0.549,-0.547,6
-0.547,-0.545,5
-0.545,-0.543,4
-0.543,-0.541,2
-0.541,-0.539,4
-0.539,-0.537,5
-0.537,-0.535,2
-0.535,-0.533,11
-0.533,-0.531,3
-0.531,-0.529,5
-0.529,-0.527,6
-0.527,-0.525,4
-0.525,-0.523,4
-0.523,-0.521,6
-0.521,-0.519,1
-0.519,-0.517,9
-0.517,-0.515,2
-0.515,-0.513,3
-0.513,-0.511,6
-0.511,-0.509,8
-0.509,-0.507,3
-0.507,-0.505,13
-0.505,-0.503,1
-0.503,-0.501,5
-0.501,-0.499,7
-0.499,-0.497,3
-0.497,-0.495,3
-0.495,-0.493,10
-0.493,-0.491,2
-0.491,-0.489,1
-0.489,-0.487,16
-0.487,-0.485,1
-0.485,-0.483,4
-0.483,-0.481,3
-0.481,-0.479,5
-0.479,-0.477,5
-0.477,-0.475,3
-0.475,-0.473,8
-0.473,-0.471,2
-0.471,-0.469,8
-0.469,-0.467,4
-0.467,-0.465,6
-0.465,-0.463,10
-0.463,-0.461,4
-0.461,-0.459,8
-0.459,-0.457,9
-0.457,-0.455,4
-0.455,-0.453,4
-0.453,-0.451,2
-0.451,-0.449,10
-0.449,-0.447,2
-0.447,-0.445,14
-0.445,-0.443,4
-0.443,-0.441,7
-0.441,-0.439,8
-0.439,-0.437,4
-0.437,-0.435,2
-0.435,-0.433,2
-0.433,-0.431,7
-0.431,-0.429,6
-0.429,-0.427,12
-0.427,-0.425,1
-0.425,-0.423,2
-0.423,-0.421,3
-0.421,-0.419,15
-0.419,-0.417,11
-0.417,-0.415,0
-0.415,-0.413,4
-0.413,-0.411,18
-0.411,-0.409,14
-0.409,-0.407,8
-0.407,-0.405,15
-0.405,-0.403,7
-0.403,-0.401,7
-0.401,-0.399,2
-0.399,-0.397,8
-0.397,-0.395,4
-0.395,-0.393,6
-0.393,-0.391,3
-0.391,-0.389,4
-0.389,-0.387,5
-0.387,-0.385,2
-0.385,-0.383,5
-0.383,-0.381,13
-0.381,-0.379,4
-0.379,-0.377,3
-0.377,-0.375,14
-0.375,-0.373,6
-0.373,-0.371,8
-0.371,-0.369,5
-0.369,-0.367,1
-0.367,-0.365,1
-0.365,-0.363,5
-0.363,-0.361,4
-0.361,-0.359,5
-0.359,-0.357,5
-0.357,-0.355,9
-0.355,-0.353,2
-0.353,-0.351,5
-0.351,-0.349,2
-0.349,-0.347,5
-0.347,-0.345,3
-0.345,-0.343,8
-0.343,-0.341,0
-0.341,-0.339,1
-0.339,-0.337,9
-0.337,-0.335,4
-0.335,-0.333,3
-0.333,-0.331,10
-0.331,-0.329,3
-0.329,-0.327,5
-0.327,-0.325,2
-0.325,-0.323,7
-0.323,-0.321,1
-0.321,-0.319,3
-0.319,-0.317,6
-0.317,-0.315,3
-0.315,-0.313,3
-0.313,-0.311,6
-0.311,-0.309,8
-0.309,-0.307,3
-0.307,-0.305,11
-0.305,-0.303,10
-0.303,-0.301,7
-0.301,-0.299,7
-0.299,-0.297,22
-0.297,-0.295,0
-0.295,-0.293,5
-0.293,-0.291,1
-0.291,-0.289,0
-0.289,-0.287,0
-0.287,-0.285,5
-0.285,-0.283,4
-0.283,-0.281,9
-0.281,-0.279,11
-0.279,-0.277,5
-0.277,-0.275,1
-0.275,-0.273,8
-0.273,-0.271,2
-0.271,-0.269,4
-0.269,-0.267,9
-0.267,-0.265,5
-0.265,-0.263,17
-0.263,-0.261,14
-0.261,-0.259,6
-0.259,-0.257,3
-0.257,-0.255,0
-0.255,-0.253,0
-0.253,-0.251,4
-0.251,-0.249,10
-0.249,-0.247,2
-0.247,-0.245,3
-0.245,-0.243,6
-0.243,-0.241,5
-0.241,-0.239,7
-0.239,-0.237,4
-0.237,-0.235,2
-0.235,-0.233,3
-0.233,-0.231,2
-0.231,-0.229,6
-0.229,-0.227,3
-0.227,-0.225,17
-0.225,-0.223,2
-0.223,-0.221,13
-0.221,-0.219,5
-0.219,-0.217,6
-0.217,-0.215,3
-0.215,-0.213,5
-0.213,-0.211,5
-0.211,-0.209,1
-0.209,-0.207,3
-0.207,-0.205,3
-0.205,-0.203,2
-0.203,-0.201,1
-0.201,-0.199,17
-0.199,-0.197,7
-0.197,-0.195,3
-0.195,-0.193,10
-0.193,-0.191,1
-0.191,-0.189,2
-0.189,-0.187,1
-0.187,-0.185,6
-0.185,-0.183,7
-0.183,-0.181,0
-0.181,-0.179,5
-0.179,-0.177,11
-0.177,-0.175,4
-0.175,-0.173,2
-0.173,-0.171,15
-0.171,-0.169,6
-0.169,-0.167,6
-0.167,-0.165,2
-0.165,-0.163,6
-0.163,-0.161,9
-0.161,-0.159,3
-0.159,-0.157,4
-0.157,-0.155,6
-0.155,-0.153,7
-0.153,-0.151,2
-0.151,-0.149,2
-0.149,-0.147,8
-0.147,-0.145,6
-0.145,-0.143,4
-0.143,-0.141,4
-0.141,-0.139,1
-0.139,-0.137,4
-0.137,-0.135,1
-0.135,-0.133,3
-0.133,-0.131,8
-0.131,-0.129,5
-0.129,-0.127,11
-0.127,-0.125,4
-0.125,-0.123,4
-0.123,-0.121,6
-0.121,-0.119,7
-0.119,-0.117,7
-0.117,-0.115,4
-0.115,-0.113,7
-0.113,-0.111,6
-0.111,-0.109,1
-0.109,-0.107,10
-0.107,-0.105,2
-0.105,-0.103,6
-0.103,-0.101,13
-0.101,-0.099,5
-0.099,-0.097,9
-0.097,-0.095,9
-0.095,-0.093,9
-0.093,-0.091,5
-0.091,-0.089,5
-0.089,-0.087,3
-0.087,-0.085,11
-0.085,-0.083,7
-0.083,-0.081,8
-0.081,-0.079,4
-0.079,-0.077,7
-0.077,-0.075,26
-0.075,-0.073,5
-0.073,-0.071,5
-0.071,-0.069,4
-0.069,-0.067,5
-0.067,-0.065,4
-0.065,-0.063,4
-0.063,-0.061,9
-0.061,-0.059,5
-0.059,-0.057,4
-0.057,-0.055,4
-0.055,-0.053,4
-0.053,-0.051,7
-0.051,-0.049,1
-0.049,-0.047,3
-0.047,-0.045,4
-0.045,-0.043,4
-0.043,-0.041,6
-0.041,-0.039,6
-0.039,-0.037,9
-0.037,-0.035,4
-0.035,-0.033,7
-0.033,-0.031,6
-0.031,-0.029,4
-0.029,-0.027,12
-0.027,-0.025,4
-0.025,-0.023,7
-0.023,-0.021,11
-0.021,-0.019,1
-0.019,-0.017,4
-0.017,-0.015,7
-0.015,-0.013,4
-0.013,-0.011,9
-0.011,-0.009,12
-0.009,-0.007,14
-0.007,-0.005,7
-0.005,-0.003,12
-0.003,-0.001,36
-0.001,0.001,38
0.001,0.003,29
0.003,0.005,48
0.005,0.007,28
0.007,0.009,19
0.009,0.011,17
0.011,0.013,32
0.013,0.015,20
0.015,0.017,39
0.017,0.019,27
0.019,0.021,12
0.021,0.023,21
0.023,0.025,30
0.025,0.027,27
0.027,0.029,26
0.029,0.031,21
0.031,0.033,19
0.033,0.035,14
0.035,0.037,23
0.037,0.039,13
0.039,0.041,5
0.041,0.043,7
0.043,0.045,15
0.045,0.047,14
0.047,0.049,8
0.049,0.051,6
0.051,0.053,8
0.053,0.055,2
0.055,0.057,5
0.057,0.059,2
0.059,0.061,2
0.061,0.063,2
0.063,0.065,9
0.065,0.067,6
0.067,0.069,5
0.069,0.071,8
0.071,0.073,6
0.073,0.075,4
0.075,0.077,3
0.077,0.079,3
0.079,0.081,11
0.081,0.083,3
0.083,0.085,5
0.085,0.087,6
0.087,0.089,1
0.089,0.091,6
0.091,0.093,5
0.093,0.095,6
0.095,0.097,6
0.097,0.099,2
0.099,0.101,3
0.101,0.103,10
0.103,0.105,1
0.105,0.107,2
0.107,0.109,4
0.109,0.111,9
0.111,0.113,1
0.113,0.115,7
0.115,0.117,4
0.117,0.119,2
0.119,0.121,10
0.121,0.123,3
0.123,0.125,2
0.125,0.127,10
0.127,0.129,7
0.129,0.131,6
0.131,0.133,0
0.133,0.135,1
0.135,0.137,5
0.137,0.139,4
0.139,0.141,4
0.141,0.143,4
0.143,0.145,2
0.145,0.147,9
0.147,0.149,3
0.149,0.151,5
0.151,0.153,5
0.153,0.155,2
0.155,0.157,3
0.157,0.159,3
0.159,0.161,3
0.161,0.163,4
0.163,0.165,9
0.165,0.167,4
0.167,0.169,8
0.169,0.171,4
0.171,0.173,4
0.173,0.175,7
0.175,0.177,4
0.177,0.179,2
0.179,0.181,9
0.181,0.183,2
0.183,0.185,3
0.185,0.187,3
0.187,0.189,3
0.189,0.191,6
0.191,0.193,5
0.193,0.195,6
0.195,0.197,8
0.197,0.199,7
0.199,0.201,8
0.201,0.203,3
0.203,0.205,9
0.205,0.207,2
0.207,0.209,6
0.209,0.211,2
0.211,0.213,2
0.213,0.215,8
0.215,0.217,6
0.217,0.219,6
0.219,0.221,8
0.221,0.223,7
0.223,0.225,4
0.225,0.227,11
0.227,0.229,3
0.229,0.231,0
0.231,0.233,7
0.233,0.235,4
0.235,0.237,5
0.237,0.239,1
0.239,0.241,3
0.241,0.243,8
0.243,0.245,15
0.245,0.247,2
0.247,0.249,1
0.249,0.251,10
0.251,0.253,4
0.253,0.255,7
0.255,0.257,7
0.257,0.259,3
0.259,0.261,4
0.261,0.263,8
0.263,0.265,7
0.265,0.267,10
0.267,0.269,2
0.269,0.271,2
0.271,0.273,11
0.273,0.275,2
0.275,0.277,2
0.277,0.279,3
0.279,0.281,4
0.281,0.283,5
0.283,0.285,4
0.285,0.287,1
0.287,0.289,7
0.289,0.291,4
0.291,0.293,2
0.293,0.295,2
0.295,0.297,4
0.297,0.299,8
0.299,0.301,6
0.301,0.303,5
0.303,0.305,1
0.305,0.307,6
0.307,0.309,7
0.309,0.311,4
0.311,0.313,5
0.313,0.315,2
0.315,0.317,2
0.317,0.319,5
0.319,0.321,8
0.321,0.323,4
0.323,0.325,6
0.325,0.327,4
0.327,0.329,4
0.329,0.331,3
0.331,0.333,8
0.333,0.335,7
0.335,0.337,5
0.337,0.339,0
0.339,0.341,1
0.341,0.343,6
0.343,0.345,4
0.345,0.347,6
0.347,0.349,2
0.349,0.351,7
0.351,0.353,3
0.353,0.355,6
0.355,0.357,1
0.357,0.359,3
0.359,0.361,1
0.361,0.363,2
0.363,0.365,8
0.365,0.367,2
0.367,0.369,5
0.369,0.371,2
0.371,0.373,2
0.373,0.375,7
0.375,0.377,13
0.377,0.379,6
0.379,0.381,10
0.381,0.383,1
0.383,0.385,5
0.385,0.387,6
0.387,0.389,3
0.389,0.391,15
0.391,0.393,5
0.393,0.395,6
0.395,0.397,3
0.397,0.399,3
0.399,0.401,28
0.401,0.403,12
0.403,0.405,2
0.405,0.407,11
0.407,0.409,4
0.409,0.411,2
0.411,0.413,4
0.413,0.415,3
0.415,0.417,3
0.417,0.419,1
0.419,0.421,3
0.421,0.423,4
0.423,0.425,7
0.425,0.427,1
0.427,0.429,2
0.429,0.431,8
0.431,0.433,3
0.433,0.435,1
0.435,0.437,3
0.437,0.439,6
0.439,0.441,1
0.441,0.443,7
0.443,0.445,4
0.445,0.447,4
0.447,0.449,6
0.449,0.451,3
0.451,0.453,1
0.453,0.455,7
0.455,0.457,0
0.457,0.459,4
0.459,0.461,4
0.461,0.463,7
0.463,0.465,5
0.465,0.467,2
0.467,0.469,10
0.469,0.471,7
0.471,0.473,3
0.473,0.475,3
0.475,0.477,6
0.477,0.479,2
0.479,0.481,0
0.481,0.483,0
0.483,0.485,10
0.485,0.487,1
0.487,0.489,6
0.489,0.491,10
0.491,0.493,7
0.493,0.495,3
0.495,0.497,5
0.497,0.499,4
0.499,0.501,0
0.501,0.503,5
0.503,0.505,8
0.505,0.507,8
0.507,0.509,2
0.509,0.511,5
0.511,0.513,2
0.513,0.515,5
0.515,0.517,3
0.517,0.519,7
0.519,0.521,2
0.521,0.523,6
0.523,0.525,5
0.525,0.527,10
0.527,0.529,0
0.529,0.531,10
0.531,0.533,1
0.533,0.535,1
0.535,0.537,1
0.537,0.539,3
0.539,0.541,8
0.541,0.543,9
0.543,0.545,6
0.545,0.547,1
0.547,0.549,5
0.549,0.551,8
0.551,0.553,1
0.553,0.555,5
0.555,0.557,18
0.557,0.559,5
0.559,0.561,7
0.561,0.563,11
0.563,0.565,18
0.565,0.567,4
0.567,0.569,3
0.569,0.571,3
0.571,0.573,4
0.573,0.575,1
0.575,0.577,2
0.577,0.579,3
0.579,0.581,6
0.581,0.583,4
0.583,0.585,6
0.585,0.587,2
0.587,0.589,2
0.589,0.591,4
0.591,0.593,7
0.593,0.595,4
0.595,0.597,6
0.597,0.599,5
0.599,0.601,3
0.601,0.603,2
0.603,0.605,12
0.605,0.607,3
0.607,0.609,2
0.609,0.611,4
0.611,0.613,5
0.613,0.615,1
0.615,0.617,3
0.617,0.619,7
0.619,0.621,1
0.621,0.623,3
0.623,0.625,11
0.625,0.627,9
0.627,0.629,2
0.629,0.631,8
0.631,0.633,4
0.633,0.635,1
0.635,0.637,5
0.637,0.639,7
0.639,0.641,23
0.641,0.643,4
0.643,0.645,6
0.645,0.647,3
0.647,0.649,8
0.649,0.651,4
0.651,0.653,7
0.653,0.655,6
0.655,0.657,3
0.657,0.659,3
0.659,0.661,6
0.661,0.663,7
0.663,0.665,12
0.665,0.667,1
0.667,0.669,8
0.669,0.671,5
0.671,0.673,4
0.673,0.675,6
0.675,0.677,4
0.677,0.679,1
0.679,0.681,1
0.681,0.683,3
0.683,0.685,11
0.685,0.687,5
0.687,0.689,3
0.689,0.691,5
0.691,0.693,3
0.693,0.695,17
0.695,0.697,4
0.697,0.699,7
0.699,0.701,5
0.701,0.703,7
0.703,0.705,2
0.705,0.707,2
0.707,0.709,4
0.709,0.711,11
0.711,0.713,5
0.713,0.715,6
0.715,0.717,8
0.717,0.719,5
0.719,0.721,2
0.721,0.723,1
0.723,0.725,7
0.725,0.727,6
0.727,0.729,9
0.729,0.731,7
0.731,0.733,8
0.733,0.735,8
0.735,0.737,1
0.737,0.739,5
0.739,0.741,21
0.741,0.743,4
0.743,0.745,4
0.745,0.747,8
0.747,0.749,2
0.749,0.751,2
0.751,0.753,4
0.753,0.755,12
0.755,0.757,3
0.757,0.759,0
0.759,0.761,9
0.761,0.763,12
0.763,0.765,1
0.765,0.767,3
0.767,0.769,4
0.769,0.771,18
0.771,0.773,5
0.773,0.775,8
0.775,0.777,6
0.777,0.779,2
0.779,0.781,2
0.781,0.783,6
0.783,0.785,4
0.785,0.787,7
0.787,0.789,1
0.789,0.791,2
0.791,0.793,1
0.793,0.795,8
0.795,0.797,3
0.797,0.799,3
0.799,0.801,8
0.801,0.803,6
0.803,0.805,5
0.805,0.807,16
0.807,0.809,4
0.809,0.811,7
0.811,0.813,0
0.813,0.815,8
0.815,0.817,8
0.817,0.819,1
0.819,0.821,3
0.821,0.823,8
0.823,0.825,8
0.825,0.827,3
0.827,0.829,6
0.829,0.831,5
0.831,0.833,12
0.833,0.835,2
0.835,0.837,8
0.837,0.839,2
0.839,0.841,13
0.841,0.843,1
0.843,0.845,4
0.845,0.847,1
0.847,0.849,8
0.849,0.851,6
0.851,0.853,8
0.853,0.855,4
0.855,0.857,6
0.857,0.859,3
0.859,0.861,4
0.861,0.863,3
0.863,0.865,1
0.865,0.867,6
0.867,0.869,4
0.869,0.871,8
0.871,0.873,1
0.873,0.875,2
0.875,0.877,2
0.877,0.879,1
0.879,0.881,8
0.881,0.883,1
0.883,0.885,14
0.885,0.887,5
0.887,0.889,3
0.889,0.891,9
0.891,0.893,8
0.893,0.895,4
0.895,0.897,3
0.897,0.899,7
0.899,0.901,7
0.901,0.903,29
0.903,0.905,7
0.905,0.907,15
0.907,0.909,2
0.909,0.911,9
0.911,0.913,1
0.913,0.915,8
0.915,0.917,5
0.917,0.919,6
0.919,0.921,12
0.921,0.923,1
0.923,0.925,0
0.925,0.927,1
0.927,0.929,4
0.929,0.931,6
0.931,0.933,11
0.933,0.935,8
0.935,0.937,2
0.937,0.939,3
0.939,0.941,0
0.941,0.943,3
0.943,0.945,8
0.945,0.947,3
0.947,0.949,0
0.949,0.951,14
0.951,0.953,4
0.953,0.955,4
0.955,0.957,11
0.957,0.959,3
0.959,0.961,3
0.961,0.963,15
0.963,0.965,8
0.965,0.967,3
0.967,0.969,9
0.969,0.971,6
0.971,0.973,3
0.973,0.975,2
0.975,0.977,5
0.977,0.979,19
0.979,0.981,3
0.981,0.983,1
0.983,0.985,4
0.985,0.987,4
0.987,0.989,1
0.989,0.991,14
0.991,0.993,7
0.993,0.995,2
0.995,0.997,2
0.997,0.999,2
0.999,1.001,1
1.001,1.003,11
1.003,1.005,8
1.005,1.007,3
1.007,1.009,5
