Ti,Tf,Counts
-0.512,-0.384,0
-0.384,-0.256,0
-0.256,-0.128,0
-0.128,0.0,0
0.0,0.128,0
0.128,0.256,0
0.256,0.384,0
0.384,0.512,0
0.512,0.64,0
0.64,0.768,0
0.768,0.896,809
0.896,1.024,905
1.024,1.1520000000000001,853
1.1520000000000001,1.28,783
1.28,1.408,758
1.408,1.536,904
1.536,1.6640000000000001,1012
1.6640000000000001,1.792,1281
1.792,1.92,932
1.92,2.048,959
2.048,2.176,884
2.176,2.3040000000000003,930
2.3040000000000003,2.432,895
2.432,2.56,879
2.56,2.688,1159
2.688,2.816,1923
2.816,2.944,1590
2.944,3.072,1252
3.072,3.2,1522
3.2,3.3280000000000003,946
3.3280000000000003,3.456,876
3.456,3.584,914
3.584,3.712,959
3.712,3.84,583
3.84,3.968,0
3.968,4.096,0
4.096,4.224,0
4.224,4.352,0
4.352,4.48,0
4.48,4.6080000000000005,0
4.6080000000000005,4.736,0
4.736,4.864,0
4.864,4.992,212
4.992,5.12,859
5.12,5.248,851
5.248,5.376,960
5.376,5.5040000000000004,918
5.5040000000000004,5.632,936
5.632,5.76,987
5.76,5.888,1049
5.888,6.016,1402
6.016,6.144,1943
6.144,6.272,1579
6.272,6.4,1790
6.4,6.5280000000000005,1577
6.5280000000000005,6.656000000000001,1100
6.656000000000001,6.784,1205
6.784,6.912,1280
6.912,7.04,1550
7.04,7.168,2403
7.168,7.296,1778
7.296,7.424,2155
7.424,7.5520000000000005,1641
7.5520000000000005,7.68,1345
7.68,7.808,1459
7.808,7.936,1327
7.936,8.064,402
8.064,8.192,0
8.192,8.32,0
8.32,8.448,0
