Ti,Tf,Counts
-0.512,-0.448,0
-0.448,-0.384,0
-0.384,-0.32,0
-0.32,-0.256,0
-0.256,-0.192,0
-0.192,-0.128,0
-0.128,-0.064,0
-0.064,0.0,0
0.0,0.064,0
0.064,0.128,0
0.128,0.192,0
0.192,0.256,0
0.256,0.32,0
0.32,0.384,0
0.384,0.448,0
0.448,0.512,0
0.512,0.5760000000000001,0
0.5760000000000001,0.64,0
0.64,0.704,0
0.704,0.768,0
0.768,0.8320000000000001,410
0.8320000000000001,0.896,399
0.896,0.96,463
0.96,1.024,442
1.024,1.088,411
1.088,1.1520000000000001,442
1.1520000000000001,1.216,396
1.216,1.28,387
1.28,1.344,388
1.344,1.408,370
1.408,1.472,428
1.472,1.536,476
1.536,1.6,459
1.6,1.6640000000000001,553
1.6640000000000001,1.728,460
1.728,1.792,821
1.792,1.856,473
1.856,1.92,459
1.92,1.984,469
1.984,2.048,490
2.048,2.112,413
2.112,2.176,471
2.176,2.24,470
2.24,2.3040000000000003,460
2.3040000000000003,2.368,426
2.368,2.432,469
2.432,2.496,446
2.496,2.56,433
2.56,2.624,479
2.624,2.688,680
2.688,2.7520000000000002,877
2.7520000000000002,2.816,1046
2.816,2.88,911
2.88,2.944,679
2.944,3.008,443
3.008,3.072,809
3.072,3.136,726
3.136,3.2,796
3.2,3.2640000000000002,474
3.2640000000000002,3.3280000000000003,472
3.3280000000000003,3.392,468
3.392,3.456,408
3.456,3.52,393
3.52,3.584,521
3.584,3.648,464
3.648,3.712,495
3.712,3.7760000000000002,562
3.7760000000000002,3.84,21
3.84,3.904,0
3.904,3.968,0
3.968,4.032,0
4.032,4.096,0
4.096,4.16,0
4.16,4.224,0
4.224,4.288,0
4.288,4.352,0
4.352,4.416,0
4.416,4.48,0
4.48,4.5440000000000005,0
4.5440000000000005,4.6080000000000005,0
4.6080000000000005,4.672,0
4.672,4.736,0
4.736,4.8,0
4.8,4.864,0
4.864,4.928,0
4.928,4.992,212
4.992,5.056,457
5.056,5.12,402
5.12,5.184,394
5.184,5.248,457
5.248,5.312,454
5.312,5.376,506
5.376,5.44,455
5.44,5.5040000000000004,463
5.5040000000000004,5.5680000000000005,492
5.5680000000000005,5.632,444
5.632,5.696,497
5.696,5.76,490
5.76,5.824,522
5.824,5.888,527
5.888,5.952,615
5.952,6.016,787
6.016,6.08,724
6.08,6.144,1219
6.144,6.208,960
6.208,6.272,619
6.272,6.336,902
6.336,6.4,888
6.4,6.464,828
6.464,6.5280000000000005,749
6.5280000000000005,6.5920000000000005,562
6.5920000000000005,6.656000000000001,538
6.656000000000001,6.72,619
6.72,6.784,586
6.784,6.848,572
6.848,6.912,708
6.912,6.976,673
6.976,7.04,877
7.04,7.104,1073
7.104,7.168,1330
7.168,7.232,1117
7.232,7.296,661
7.296,7.36,920
7.36,7.424,1235
7.424,7.488,876
7.488,7.5520000000000005,765
7.5520000000000005,7.6160000000000005,736
7.6160000000000005,7.68,609
7.68,7.744,714
7.744,7.808,745
7.808,7.872,766
7.872,7.936,561
7.936,8.0,402
8.0,8.064,0
8.064,8.128,0
8.128,8.192,0
8.192,8.256,0
8.256,8.32,0
8.32,8.384,0
8.384,8.448,0
8.448,8.512,0
