0 0 0 0 0 0 0 0 0 8.78667259390078e-09 0.000137368121704118 0.000299196660930563 5.23072495978866e-07 0.000821401093619084 0.00161840545021261 0.00195259621359321 0.00310870833007772 0.00503417383294394 0.00782448149964712 0.0115096506069325 0.0150524077058728 0.0216994101167425 0.0252441365276977 0.0234309822861658 0.0291644160047613 0.0382870143906521 0.0379356316703767 0.0385273071405176 0.0414168743748604 0.0491425264867086 0.0568988101780103 0.0642640283883018 0.0810982458256732 0.0918848417790414 0.081694955748766 0.0865400706430845 0.0979030712914721 0.124783287804035 0.149966248660774 0.163792302296204
0 0 0 0 0 0 0 0 0 2.96628817047425e-08 1.87478851271257e-05 5.56852653213181e-05 1.69274930900837e-06 0.00102372033485096 0.00221422309880481 0.00353472449599836 0.00462328163742329 0.00514194510323271 0.00966791474703138 0.0159458788357157 0.0217850471618809 0.0315613493729373 0.0358215586158917 0.0347368303318479 0.0391676329524778 0.048665643147447 0.0521325279291626 0.0532532130248302 0.0610268778890275 0.0718743703824516 0.0834146716179975 0.0921737623699354 0.109933308990659 0.12623824401243 0.119153593098511 0.12324908984861 0.141007682726727 0.172340992792208 0.209933351522673 0.240395180845403
0 0 0 0 0 0 0 0 0 1.21349686371253e-07 1.45790251065664e-05 1.80593946644534e-05 6.47721030723122e-06 0.00190183441863793 0.00394882180376924 0.00585932408592905 0.00771696532989344 0.00614091668421499 0.010616651061502 0.0208060895412603 0.0308138226454028 0.0442033498520163 0.0518007042077652 0.0526394084468961 0.056876760537734 0.063057941687593 0.0691737523720507 0.0726620534709887 0.0893940542852005 0.103909782110408 0.119721274423508 0.133508482073076 0.150970811128225 0.172245951925292 0.175999408643168 0.178970489017248 0.208636679350031 0.244147493648191 0.28725992249117 0.349809529718812
0 0 0 0 0 0 0 0 0 6.0799354602932e-07 5.72249698758681e-05 6.61694423788256e-05 2.92201972379494e-05 0.00337137034671173 0.00650568198980182 0.00859228373478189 0.0120250760782092 0.00957148094509224 0.0111569570687762 0.0261784597810559 0.0418787439653912 0.0584930792555573 0.0714603017757049 0.0762572619867306 0.0822853557706694 0.082469895543561 0.0908569370926027 0.10069859891499 0.127083042542884 0.147875994923728 0.167771722072598 0.190497784612021 0.206381263179574 0.231062109240818 0.25647395323109 0.260894187798327 0.300611243969387 0.353527059431082 0.395492676952755 0.49948035680303
0 0 0 0 0 0 0 0 0 3.69633755221688e-06 0.000247822332267141 0.000309287890084998 0.000150994712347923 0.00513069614814825 0.00856365397954462 0.0113368452969324 0.0162466505093383 0.0155624073129906 0.0133034360579227 0.0352421398367332 0.0583699747485242 0.077127563848112 0.0917723188530882 0.0998903239968028 0.109946237767339 0.109003340942192 0.120595665084698 0.142726306531082 0.178297866854109 0.20656799422548 0.235754564460702 0.272597436096563 0.286189622551494 0.312226284809025 0.366686714696787 0.37994185051646 0.421338997431167 0.5135937034475 0.577058947730131 0.715253891055932
0 0 0 0 0 0 0 0 0 2.60205171636368e-05 0.00105269960257536 0.00146037030691745 0.000831252949383661 0.00709037341335121 0.0107886604094278 0.0154138289862559 0.0220714995863757 0.0244963710618658 0.022646040041 0.053136545488775 0.0855219471356661 0.106632268358214 0.11547698750673 0.120791731141881 0.137159206530305 0.153792342937923 0.170158385337616 0.207838197568526 0.258532318733577 0.298278804108412 0.348468097289033 0.418001533927128 0.435408392210901 0.454432286780827 0.532483809920538 0.560541593959748 0.623066543171878 0.781332745121575 0.920404049594824 1.0996155592681
0 0 0 0 0 0 0 0 0 0.000189919573887211 0.0038109395235824 0.00595945625396987 0.00425729698717234 0.0102324576268205 0.0170563309311974 0.0264970936793032 0.0362984227996463 0.0396361944396478 0.0445622024875923 0.0833870217499005 0.118324434571786 0.143503637442472 0.156922136383388 0.154116925067045 0.175911040184589 0.245854590623429 0.27699148343205 0.323706681109078 0.40389576931428 0.471763000144803 0.572028630529849 0.698732821116576 0.736104685327913 0.748683241899685 0.848994065852715 0.910792197682616 1.05785542018832 1.35310464232332 1.60349289092351 1.9131459078995
0 0 0 0 0 0 0 0 0 0.00117157744744294 0.0102306674429623 0.0170682792137606 0.0166294599457538 0.0213621880059058 0.0277781530399036 0.0489424756897328 0.0671273855024411 0.0724713949872565 0.080078432404042 0.13071706704121 0.163856608372062 0.180084640589284 0.239398992941317 0.235815613205436 0.264814307582574 0.397383923906756 0.494516835294475 0.538887183899675 0.674681499010586 0.798968094897174 0.991211831469486 1.20332139815991 1.2483758578096 1.32798642730692 1.50444211156563 1.67943734438202 1.92562508934611 2.50429847610827 2.89704129887033 3.55183572368741
0 0 0 0 0 0 0 0 0 0.00439570974238494 0.0193796509519997 0.0302073648920923 0.0412446849209738 0.0475444542795831 0.0518578571880012 0.0826348111936595 0.117522007913594 0.143701538913292 0.14845755366378 0.215758815094117 0.250819280330674 0.268633758684735 0.390035539535535 0.398500372799834 0.440489002523281 0.615325961054969 0.80518009829087 0.911812279584623 1.09747912870205 1.34349409188505 1.59803461643605 1.97308497926678 1.96570408583822 2.24797176267245 2.61168674658228 3.00596599047057 3.36160052285077 4.20083357096189 4.81760495012605 5.98462580351
0 0 0 0 0 0 0 0 0 0.00636914860623406 0.0272643925517305 0.0418560653904735 0.0688360140135296 0.0749688731368714 0.0985551819537238 0.135587832476379 0.187453048105085 0.233508050233259 0.249305544269137 0.363947542731312 0.385576870364557 0.422197429275486 0.620233265668552 0.667022477559755 0.683664737177506 0.896186106237999 1.13393428311746 1.38473639358999 1.63649942461469 1.98872994024517 2.29195450659895 2.83728679196011 2.93489822182 3.29117813007175 3.93304039490397 4.54470929469077 5.17898840073903 6.06631115514353 6.97385227022424 8.53237776929896
0 0 0 0 0 0 0 0 0 0.00202049445880036 0.0275619971837718 0.0559942105064192 0.0887483292032155 0.108847446598033 0.12072841451875 0.186173268144614 0.244974013468922 0.295471819633412 0.349379813735306 0.470736929107646 0.587780703805019 0.598470602403096 0.843370531756939 1.02553296172433 1.01757305062182 1.21934244644276 1.48589817835766 1.88799754011505 2.38182779702841 2.71423765897543 3.09199002261443 3.57291987057453 4.08919315952892 4.44411681257132 5.2174887902694 6.07250698017833 7.08713267587846 8.10983460755175 9.42355288391488 11.3623284353652
0 0 0 0 0 0 0 0 0 5.91967300082532e-05 0.00936856557259983 0.0564772517763374 0.0822059136590677 0.119752890012692 0.126550040752964 0.215637980142583 0.276303938434332 0.344065109752018 0.41577352947286 0.554759538413448 0.782991245303686 0.917606256366757 1.14981468086711 1.34367371789711 1.45270737492251 1.6553721409197 1.97683927124794 2.52083876007276 3.23696005271446 3.80494994065925 4.29309323022429 4.67934257511359 5.21809158276417 6.02628709095305 6.79282699974281 8.02856156495127 9.29286958148286 10.8675114971677 12.7060212428688 15.206993227228
0 0 0 0 0 0 0 0 0 2.47497938861638e-08 0.000277737015147416 0.0174660117323179 0.088495929818443 0.120844676589241 0.164021435552709 0.282916365434109 0.472050501148761 0.557307319312516 0.565803193670469 0.650693771483852 0.92860898323792 1.23410694509867 1.575882451321 1.71680596041779 1.89515027526173 2.24550914536562 2.89880457485684 3.24507272619802 3.92808037245978 4.96894313234737 5.74347573828334 6.48732186037434 6.90624602360643 7.94897164962217 8.79417141359314 10.3385882451931 12.2357341437734 14.279516468371 17.0123377651451 20.0682668181617
0 0 0 0 0 0 0 0 0 4.16408793416077e-15 6.63727167276974e-08 0.000295259272996146 0.0199648378866609 0.127648985034242 0.252777861205571 0.334899198628339 0.57497285794688 0.796017627480284 0.934313177415068 1.00806000377269 1.21923885945843 1.59697437801365 2.01476009919295 2.45174102627894 2.45952030249914 2.94900410160288 3.81518063188933 4.53202773147956 4.67833735349664 5.99043490764976 7.02653893434496 8.1609013658479 8.57845388868464 9.8030711699965 11.2552532850005 12.1458976469619 14.8773743591232 17.3250533665645 20.5141698638216 24.1953931257798
0 0 0 0 0 0 0 0 0 0 1.70384444658577e-15 1.1684321803499e-08 0.000129020955727481 0.0229816669307887 0.399752972618928 0.540767396709675 0.57159794157867 0.747074056090615 1.10506583996688 1.38249595327872 1.65085548444521 1.94946843420841 2.37513060325751 3.03629169656764 3.20637379715789 3.63077303791919 4.41606588290543 5.30960656040228 5.69337250142452 6.5966279988375 8.11740630243371 9.10560974908149 10.1433860403467 10.6620256947979 12.559959696445 13.6298029240297 15.9807893981027 18.9791637631333 22.6382393870819 26.8656829493344
0 0 0 0 0 0 0 0 0 0 0 4.51366121915038e-18 4.8092341529731e-10 6.48507490406232e-05 0.0919572652726183 0.794243169685271 0.830102024466675 0.809329131856066 1.09594595164418 1.51191892621035 1.8788344159875 2.19749900227955 2.61352618106449 3.11761982641762 3.70859450872583 4.18120503399944 5.0551049472016 5.59595191291203 6.47504787663859 7.35114816310077 8.80258028778834 9.90866973494853 10.9470547417893 12.0924777232124 13.4373887620448 15.1428807339653 17.656350509314 20.9083661790999 24.5194931831778 29.2377383101594
0 0 0 0 0 0 0 0 0 0 0 0 0 1.33701673647987e-11 0.000115783270023388 0.124195423877994 1.44348005096559 1.1848289759846 1.21603870251781 1.54699045232642 1.85215619366347 2.42217223526796 2.85097050854072 3.60788994560853 4.66598930799904 5.72215899415572 7.45811253467927 9.15360043569181 10.8901172966377 12.767916979974 14.6081051194752 15.9592893276721 16.6021486282845 18.304528130091 20.235814236125 21.8678968342658 24.6171496835016 28.0873957342641 33.6580850905951 40.1946261727892
0 0 0 0 0 0 0 0 0 0 0 0 0 0 7.17753219751952e-13 3.48241458090377e-05 0.226855847279577 2.2742610983518 1.57970890611239 1.61296817777407 2.10756456462864 2.41287420271492 3.21791314597132 3.93911644697025 4.83882018750161 6.22165855375501 7.85179260183966 10.1775435845792 12.1967811498308 14.2616716348058 16.1872754219386 18.0339504482695 18.5427773785058 19.8092888187789 22.2148544994256 24.4897218342786 27.103413704774 30.8343863829312 36.0639977378602 44.4773412717879
0 0 0 0 0 0 0 0 0 0 0 0 0 0 0 1.95411263397433e-15 1.52282161238798e-05 0.292532520382699 3.22402052216251 1.97012424185481 2.00802601017085 2.72329957517445 2.75027822606722 3.28758410634805 3.4001316309253 3.6243710534774 3.74371189209986 4.15653410630227 4.70301760850503 5.51812750043237 6.5761370754652 7.87660840008657 8.93512577310158 9.72312588498099 11.2637376209327 12.5932832314118 15.3490601626673 18.2939510713156 22.0412794208284 26.5087423815647
0 0 0 0 0 0 0 0 0 0 0 0 0 0 0 0 0 2.98179337598013e-06 0.358901969197241 4.92930248949337 2.70518790342914 2.89949522113374 3.09320000094596 3.10430926370974 3.28094881900463 3.41864819057963 3.46500772631598 3.59288523523625 4.08864190673994 4.6969333494154 5.55021598100572 6.90762740840356 8.19656392864624 9.31037552541667 10.5897205900263 12.1639087304462 14.2588997796298 17.3197758170919 20.2672382712201 25.5047700406693
0 0 0 0 0 0 0 0 0 0 0 0 0 0 0 0 0 0 2.94622296593574e-07 0.508788071171757 7.22663861561874 3.63347815564338 3.7995327578245 3.52867141876089 3.23814667889935 3.42527967368599 3.57039699064116 3.45470389922882 3.65617007454075 4.15157547932797 4.89716849583204 5.93268006740544 7.35973644859183 8.45173266266518 9.97256477317699 11.2797229416235 13.8342737236438 15.9049914395133 18.9906026083326 23.171854344403
0 0 0 0 0 0 0 0 0 0 0 0 0 0 0 0 0 0 0 2.55038418080971e-08 0.598339680503099 9.72312785197777 4.9916679866094 4.68506979653792 3.66170185651029 3.43649963846416 3.65767370563762 3.32759386386787 3.4039983069992 3.52739543101925 4.6874444804338 5.37121466908223 6.67300930960921 7.45447383062777 8.64021310689515 10.5080553801727 12.5042452425112 14.9700881383242 17.2778567493684 21.4964490292499
0 0 0 0 0 0 0 0 0 0 0 0 0 0 0 0 0 0 0 0 5.57643886099028e-10 0.75328168454596 12.31616508046 7.33193256729304 5.18842492436133 4.09997831660143 4.13006370775899 3.73678917245503 3.44315307145965 3.78453409637293 4.02248576240527 5.26305592600614 6.21585284636367 7.31407314515064 8.05405459907556 9.71143883835492 12.1728043586405 14.6798270695289 16.8491787486065 20.8138724463435
0 0 0 0 0 0 0 0 0 0 0 0 0 0 0 0 0 0 0 0 0 1.01780607627499e-11 0.719122658963233 14.7718717171453 10.1566181390937 6.092200610236 4.52908819668214 4.34716884562708 3.82896688855347 3.61893283132745 3.7414131034727 4.59515571818482 5.91652188545011 7.14808076768506 7.94142956412494 9.60288039438277 12.0728871850181 14.3238857186139 16.4868596497754 19.9244553777182
0 0 0 0 0 0 0 0 0 0 0 0 0 0 0 0 0 0 0 0 0 0 1.67186460641058e-14 0.762419859575295 18.4539604782231 12.7207450552883 6.69924233697435 4.94310997957841 4.40743782081222 3.80514632838156 4.18056946293319 4.57357283248899 5.26176377784122 6.86115685657089 8.35820571978515 9.305284929227 11.6337383143893 13.8589809750577 16.2908997242767 19.4482665656486
0 0 0 0 0 0 0 0 0 0 0 0 0 0 0 0 0 0 0 0 0 0 0 1.13122628461268e-17 0.874507225689803 23.6582027420482 15.8004071330625 7.21729139728283 5.92623392499585 4.85118637523462 4.57514909425962 5.01453424951213 5.71207947409406 6.75882890165077 7.9841543452787 9.90459066411382 11.1734538828246 13.655231525644 16.3198981491317 19.6247469956064
0 0 0 0 0 0 0 0 0 0 0 0 0 0 0 0 0 0 0 0 0 0 0 0 0 0.816380792255662 28.619852342749 18.2673034505829 8.38741295591564 6.39233610968449 5.2090505191584 4.90041014479993 5.90864419983698 6.73424530113649 8.39368173818614 10.004345881917 12.106556700084 13.2013297338908 16.3457517551276 20.0233839055024
0 0 0 0 0 0 0 0 0 0 0 0 0 0 0 0 0 0 0 0 0 0 0 0 0 0 0.838856468412798 33.1776357353866 20.1816769599397 9.32422353014096 6.98925164006768 6.11148218303348 6.36158561152582 7.44532245355122 8.41070907606415 10.5822192690664 12.7669909637206 14.9886136937884 16.8962774170509 20.2464237587094
0 0 0 0 0 0 0 0 0 0 0 0 0 0 0 0 0 0 0 0 0 0 0 0 0 0 0 0.678876437396135 37.0154684783715 22.9776627190523 11.0769551683728 8.47230406513879 7.53412489153402 8.16424032553154 8.92413812479287 9.9288571715042 12.485665809942 15.2842499206605 17.88421307504 21.5613714716502
0 0 0 0 0 0 0 0 0 0 0 0 0 0 0 0 0 0 0 0 0 0 0 0 0 0 0 0 0.615794637199493 39.9985278429145 25.877864449895 12.8591669625504 9.98082660298183 9.19648281611809 9.65905107728384 11.0769146962264 12.5230589259343 15.2046577250655 18.8811427370525 22.0293046660865
0 0 0 0 0 0 0 0 0 0 0 0 0 0 0 0 0 0 0 0 0 0 0 0 0 0 0 0 0 0.587932967854763 39.486698474043 27.4096964851397 14.2629241625653 11.7406006873968 11.4252740826682 11.8425190091853 14.3447937049631 15.7750206377935 19.2665509445618 23.1042930144493
0 0 0 0 0 0 0 0 0 0 0 0 0 0 0 0 0 0 0 0 0 0 0 0 0 0 0 0 0 0 0.347726907115082 37.1180596798006 29.5765462626258 16.3684867175177 13.2734756237951 13.5008032583512 15.0145905570401 17.2802357256245 19.3569014553928 23.5150356550047
0 0 0 0 0 0 0 0 0 0 0 0 0 0 0 0 0 0 0 0 0 0 0 0 0 0 0 0 0 0 0 0.250927106214811 32.5504727593386 30.3462900285562 18.6110299526775 15.7806456907148 15.8423097936704 18.0881936174945 19.8120724891633 22.9739241794975
0 0 0 0 0 0 0 0 0 0 0 0 0 0 0 0 0 0 0 0 0 0 0 0 0 0 0 0 0 0 0 0 0.110874406760826 27.3708441182149 31.7627468835525 21.4379430473635 17.9684739483669 18.9500517467479 21.4033285232241 23.8084505608222
0 0 0 0 0 0 0 0 0 0 0 0 0 0 0 0 0 0 0 0 0 0 0 0 0 0 0 0 0 0 0 0 0 0.0690710407201286 22.6529669900101 31.7900075269543 23.3922780508992 20.5974953668669 21.9161763742002 24.1727202183279
0 0 0 0 0 0 0 0 0 0 0 0 0 0 0 0 0 0 0 0 0 0 0 0 0 0 0 0 0 0 0 0 0 0 0.0317210377766709 17.8212555673375 31.363413756093 26.0915136214578 24.9952272663444 24.6040318802561
0 0 0 0 0 0 0 0 0 0 0 0 0 0 0 0 0 0 0 0 0 0 0 0 0 0 0 0 0 0 0 0 0 0 0 0.00679725341840459 13.5480060495704 28.9819725465352 26.7677322620479 26.1233331321697
0 0 0 0 0 0 0 0 0 0 0 0 0 0 0 0 0 0 0 0 0 0 0 0 0 0 0 0 0 0 0 0 0 0 0 0 0.00358777234435915 9.87501619725495 26.2171580128315 27.4977501390762
0 0 0 0 0 0 0 0 0 0 0 0 0 0 0 0 0 0 0 0 0 0 0 0 0 0 0 0 0 0 0 0 0 0 0 0 0 0.00115104254659817 6.81120084380248 24.1019168250723
0 0 0 0 0 0 0 0 0 0 0 0 0 0 0 0 0 0 0 0 0 0 0 0 0 0 0 0 0 0 0 0 0 0 0 0 0 0 4.38009120267436e-05 4.59141782708657
