0 0 0 0 0 0 0 0 0 0 0 5.77685203379064e-13 9.32681153812986e-09 1.0574769016967e-06 7.35448729648574e-05 6.59425487906901e-05 0.00040846157742344 0.00163341901901725 0.00307363998217408 0.00892403858381019 0.0172672725689224 0.0216070787941262 0.0258428245865669 0.0322909201093732 0.0331008255682948 0.0231871144127276 0.0256256428030921 0.031665957015352 0.0430913523434165 0.0472046225972228 0.0372973884253143 0.0487709836239172 0.0627167236716503 0.0625307175085482 0.066521241622468 0.069190077232839 0.073378491658616 0.0955988449290244 0.119548674271974 0.149781691010634
0 0 0 0 0 0 0 0 0 0 0 2.10915624665507e-12 3.13193338822348e-08 3.27124150429912e-06 0.000187722435199934 0.000178570670117543 0.000952814739123846 0.00349572746201219 0.00454685975231696 0.0124652643462887 0.0233816881233628 0.0284717266828943 0.0351924491238957 0.0419519104167972 0.0437761331738641 0.0329982077481446 0.0368474730422888 0.0434206499048691 0.0571608301344939 0.0677529088250456 0.0541200424918204 0.0619229095761019 0.0831928583622368 0.0889322031056651 0.095313745083876 0.101495612285412 0.10290777454727 0.134542269534282 0.169162261795978 0.212324211154843
0 0 0 0 0 0 0 0 0 0 0 9.77709096337962e-12 1.27038601292225e-07 1.16567622899432e-05 0.00049598953545912 0.000515998439293589 0.00220461271972436 0.0071779135334916 0.00751499331196205 0.0175853539677925 0.0321614117618852 0.038528004723657 0.0476776486989994 0.0531316703659196 0.0567424286878587 0.048070177407558 0.0510914944866376 0.0597405007015994 0.075696888049159 0.093789150889073 0.0790587899442022 0.0822949772872678 0.107581256180638 0.125863644279718 0.13565037290517 0.148412403454053 0.144402966240565 0.1867736249838 0.235462230868885 0.295239827554987
0 0 0 0 0 0 0 0 0 0 0 5.97663391613022e-11 6.27854807373749e-07 4.70426284235305e-05 0.00126997804554321 0.00150238894363746 0.00471693539027572 0.0131847313302791 0.0121352738522262 0.0225447861962952 0.041508522431912 0.0507724123691879 0.0615926342423496 0.0646585984673606 0.0699695765949125 0.0674734896484582 0.0668568851177603 0.0789790622864471 0.097075214974836 0.121638842291057 0.113303525710503 0.114779081126296 0.139654100417021 0.171974473672414 0.195523459399343 0.209770977584542 0.199324127857168 0.25268798848243 0.324008979671848 0.401890859166567
0 0 0 0 0 0 0 0 0 0 0 4.9807973855942e-10 3.7343937497903e-06 0.000204855399493695 0.00286713186606543 0.00398010284752423 0.00875832687185192 0.0204178659226536 0.0173565563202266 0.0237871855242719 0.0467072032875658 0.0638199334564387 0.077936307899717 0.0787306658298725 0.0837523378271985 0.0879392153011705 0.0877525241756708 0.108081435327563 0.128840018244115 0.155357997038388 0.162284829283209 0.168510571154447 0.192526976280831 0.230115488916424 0.279512118611981 0.28970239625046 0.275318062307385 0.342907297712566 0.455132481981006 0.554472599238918
0 0 0 0 0 0 0 0 0 0 0 5.76099406556688e-09 2.53874232788207e-05 0.000875566793435179 0.00535416280586994 0.00832582504291512 0.0144593230849862 0.0270153784055658 0.0241964657817461 0.0257922302420398 0.0478931924702645 0.0787497539930504 0.103697068301033 0.102558761994216 0.109305720179675 0.116460439910565 0.128764773221459 0.170918550991124 0.198224903414856 0.222681899952205 0.243143226009725 0.271955033708175 0.296392833339137 0.336144910253891 0.406344529282942 0.417395394137155 0.41120316454564 0.517042254964818 0.69734719526064 0.842612436842858
0 0 0 0 0 0 0 0 0 0 0 9.09661541588627e-08 0.000175539959577855 0.00317947504956718 0.00934449155127274 0.0128938973687044 0.0232125081242375 0.034149731702036 0.0371887979725935 0.0455729849134759 0.060176885771845 0.102110382879811 0.141087333446162 0.149500067683164 0.165335053817899 0.180421130256965 0.205088497160888 0.285570338828867 0.321536843642752 0.369470773273665 0.403844335300458 0.471936562496574 0.515303673259614 0.560929416296197 0.662194135281828 0.693833351929558 0.714531406099209 0.938861662370081 1.2278068409235 1.4730403490035
0 0 0 0 0 0 0 0 0 0 0 1.81688149106408e-06 0.00100430883972775 0.00843118700883499 0.0174454514515804 0.0205846650845549 0.0381162213604709 0.0470474080929937 0.056947037369031 0.0875864821374277 0.104286508165925 0.153678559687109 0.185502898266993 0.225664981320744 0.264727523205618 0.302727067504155 0.348032476192285 0.492114315261792 0.515721561279228 0.622137608565909 0.736031737452947 0.841230143065195 0.941087475418944 1.02910253397363 1.13183319812089 1.28489600478985 1.36706837928975 1.80315031246957 2.29801189552965 2.76382100737541
0 0 0 0 0 0 0 0 0 0 0 3.82800991834e-05 0.00359178099818145 0.0152060520686969 0.0263660681586444 0.0400210938117684 0.061233986159402 0.0815206045620703 0.0829168692019286 0.129878612567217 0.172296065706013 0.242945486027103 0.266397503684878 0.32077177182472 0.42890465637088 0.466330799427053 0.56728926843848 0.812671141865668 0.85512998073192 0.99381467947487 1.21694328922902 1.40945162331662 1.55980233260429 1.86590949512606 1.91964470035743 2.20428837942645 2.51911586111197 3.14681351293474 3.95740551370556 4.86814437855943
0 0 0 0 0 0 0 0 0 0 0 0.000610903710800883 0.00723492119243174 0.0217845634211352 0.0296843046155116 0.0615195968275669 0.0868172459505064 0.127090283426007 0.131380500802851 0.172344308189011 0.245242759506248 0.322978015977191 0.407414414404673 0.416685308246675 0.659499812975858 0.719510261377731 0.819469448834773 1.12133363782088 1.35590526469644 1.51439203554733 1.80451850293932 2.05466214068941 2.24557880765695 2.81766523733067 3.03094314022336 3.26401134699772 3.89431036024076 4.65192461055756 5.81031644662256 7.21727364577921
0 0 0 0 0 0 0 0 0 0 0 0.00439927861692357 0.0121016138841856 0.0334444328163303 0.0472620295260309 0.0774256911079584 0.12752025519626 0.157418026857842 0.213168752358669 0.258857327284069 0.373258842655383 0.449680924119512 0.590289858385219 0.610270828979702 0.874531224232231 1.09874326578222 1.16806058646773 1.42426254185421 1.87254489496658 2.13971317881562 2.56349450944942 2.82429996600242 3.11656359190211 3.70329724063203 4.08898469766731 4.41210296589991 5.11351075402578 6.03161593167391 7.44571775130642 9.22318590003719
0 0 0 0 0 0 0 0 0 0 0 0.00726560266401345 0.0214379225469799 0.038792712537374 0.0798502699890448 0.0948515315590087 0.169619630466133 0.190337941703133 0.324514326273583 0.400254119995118 0.562441180676224 0.719127672022201 0.889618976198846 1.0080224040336 1.16388320766149 1.4826792631059 1.59247844656891 1.94343656763342 2.41870691151243 2.94018184675275 3.37190008196314 3.81984431049731 4.14630286818093 4.78508246760394 5.27803810037333 5.7952021666177 6.83069143102268 7.8578794056268 9.61533578309476 11.9841812092777
0 0 0 0 0 0 0 0 0 0 0 0.00123185384066259 0.024668573478162 0.0463379720022181 0.0968841840649829 0.13750462479528 0.20794492621329 0.292829692847082 0.402667680714791 0.606725925167582 0.697012144985406 0.98702664901482 1.18564080677475 1.51149905587476 1.63384903772395 2.00552443233468 2.37329265631237 2.69298424240767 3.49791226537572 3.97035711564274 4.51988156734907 5.10546102132995 5.26022465228256 6.17772580220731 6.93646622472882 7.60719533687634 9.16837703481027 10.4440073272847 12.5748473942176 15.4757253213071
0 0 0 0 0 0 0 0 0 0 0 4.26954971033211e-06 0.00493022921861883 0.0672430024876344 0.120896073453959 0.197584478472774 0.246746626335264 0.375635588279385 0.511421071992014 0.692092797682063 0.894295904893704 1.20147884742404 1.58723958634187 1.86325824975982 2.19628548424112 2.37493676907774 2.98455099192825 3.61061828884812 4.33916735745066 4.93335446339364 5.67109760895408 6.62874013056566 6.84359773205833 7.2873073735262 8.5033129355988 9.36577559045506 11.0650228282141 12.8116336477061 15.5281997830045 18.8421810249256
0 0 0 0 0 0 0 0 0 0 0 8.81842948313656e-12 2.89770794939977e-05 0.0185412074616422 0.246153198387942 0.297505470475739 0.323355702101644 0.422208608951546 0.68854885265857 0.88713192082706 1.13553187277004 1.46681700178736 1.90909127419056 2.21918246485137 2.68290710803988 2.89024060299786 3.36911048405689 4.18571780604721 4.98436137096221 5.60774811186824 6.39896181053652 7.44626813039505 8.04198372090005 8.61665119567586 9.52949896779511 10.5136276552018 12.2069148226959 14.0241023955857 17.2860852451255 21.3715794768152
0 0 0 0 0 0 0 0 0 0 0 0 9.11027827400192e-11 6.82239905114403e-05 0.062390608388655 0.584823330954031 0.521329180417981 0.570460834892028 0.775929415306261 1.05987925574337 1.31477838330337 1.68778942214337 2.02284337398557 2.50561491162615 2.93376550319992 3.30807984144825 3.66129673507598 4.4853921339697 5.45084228974567 6.21121062771281 7.20412110525966 8.48407244666082 8.49377279086198 9.22804000736287 10.5722428762108 11.7101981459686 13.3797036378247 15.6508396850562 18.5825525547295 23.3374312988228
0 0 0 0 0 0 0 0 0 0 0 0 0 1.53652279478728e-11 7.82995367337947e-05 0.107129729414253 1.13986262280658 0.92869655564143 0.969977143394081 1.10978580972219 1.42114577382292 1.7156476038231 2.31480508377224 3.15065378617784 4.11940025010446 4.96264383266192 6.02711855579187 7.62048343626697 9.22553597140969 10.8636731672619 11.9604594370093 13.3101853412316 13.973934892973 14.4561752387822 15.8226854243294 17.164062672104 19.3046690092961 21.9982186969456 26.3194295518851 32.0053094519415
0 0 0 0 0 0 0 0 0 0 0 0 0 0 4.78235605873315e-13 3.25744073526104e-05 0.191536788865438 2.06280636711532 1.31885263460847 1.13455007445162 1.52246478040079 1.90286956830598 2.55514044361315 3.62931423596362 4.57012759127077 5.69275365470182 6.95088136018561 8.81348487363061 10.600902524219 12.6464786519823 14.1274074923422 14.7297410619323 15.586212765182 16.2265802210819 17.4399993932081 18.9405038407548 21.2393914544699 24.2942531480149 28.0520755537383 34.8249045345275
0 0 0 0 0 0 0 0 0 0 0 0 0 0 0 1.92304051989916e-15 1.31601298483953e-05 0.310023381427485 3.18963929393899 1.77561081274246 1.76308835256155 2.22516061533196 2.35927518463021 2.96760889081316 3.21196023992859 3.3362493109696 3.41038985263225 3.69349658944228 4.05076898173062 5.0146839366645 6.10196706691035 6.54970522106898 7.42543666042464 8.42035216492339 8.99724267604819 10.2515077117447 11.8115725251569 14.0159772971425 17.2098457761247 21.1896233359556
0 0 0 0 0 0 0 0 0 0 0 0 0 0 0 0 0 3.46630642005624e-06 0.385036220578305 4.99007868654603 2.49501019266146 2.75676097933004 2.55622025303482 2.62456453224662 2.80389299111908 3.11920954773743 3.50856017656766 3.43735974648706 3.79405654363538 4.03866210696593 5.11720525432962 5.90000000727466 7.00246072541789 8.09544095537264 9.11310193916806 9.96755444520451 11.4935779897283 13.4611843865947 16.2170202574294 19.894979726337
0 0 0 0 0 0 0 0 0 0 0 0 0 0 0 0 0 0 3.33647542409393e-07 0.542117116126897 7.30186998365159 3.57426028870604 3.27860547721647 2.97596658596351 3.30264899148289 3.15074978892344 3.10333618125815 3.09954179446628 3.51814352818888 3.68607991352476 4.55405636482214 5.27681408365494 6.01407136622054 7.50453103646286 8.58427189567544 9.43439913059123 10.5558176869091 12.2458757881586 14.7397581523092 18.5778578478538
0 0 0 0 0 0 0 0 0 0 0 0 0 0 0 0 0 0 0 2.84152779708338e-08 0.631247042326735 9.80003783851251 5.07243496530631 4.20011948898875 3.7065461764958 3.52333090137862 3.20306239835103 2.95911834187836 2.9369363932115 3.47654099186406 4.27905857407256 5.26831534035875 5.58495045147449 6.6489119705066 7.55698939561564 8.28638424878585 9.81885327592816 11.7286589453715 13.538846832453 16.5249863174347
0 0 0 0 0 0 0 0 0 0 0 0 0 0 0 0 0 0 0 0 6.1196081743045e-10 0.764839254521304 13.5647587615953 7.8030410926542 5.3657241268514 4.14279071946908 3.49415217599621 3.12983735743202 3.17642497478344 3.24564074072327 4.06238295322644 4.89643970435999 5.11308758428418 6.02739395508206 7.19256365786243 7.99207964682043 9.37837264999289 11.708708600737 13.6758094471996 16.6132118236721
0 0 0 0 0 0 0 0 0 0 0 0 0 0 0 0 0 0 0 0 0 1.04268058867644e-11 0.849635914069155 16.9406965028961 10.2293448669699 5.62215465587257 4.67853092029697 3.60906590395596 3.18510265633046 3.340683885596 3.94847984277711 4.53939860145422 5.29701008727278 5.82467265842414 7.37765307662001 7.82971017692803 8.99766574562595 10.9351170361257 13.3433949360009 16.1482364362478
0 0 0 0 0 0 0 0 0 0 0 0 0 0 0 0 0 0 0 0 0 0 1.96369833055009e-14 0.898748661869497 19.5837890892892 12.7088337269968 6.05632804221636 4.7352494728045 3.92698373526336 3.66012576701985 4.08508397383592 4.5915515020809 5.03118671780441 5.98405866437261 6.82745844428575 8.30341898232814 9.3854434621853 10.7814185861758 12.5064761204122 15.870018834827
0 0 0 0 0 0 0 0 0 0 0 0 0 0 0 0 0 0 0 0 0 0 0 1.33113233182256e-17 0.914994413036938 23.5170707814507 14.7648294741842 6.58912833463217 5.61843092245977 4.78674957054349 4.31292736916494 4.55693736075319 5.06303298003783 5.99301642819775 6.81209634547033 7.9188952964977 9.73856049710658 11.2751651529461 12.9525799779311 16.0126537481956
0 0 0 0 0 0 0 0 0 0 0 0 0 0 0 0 0 0 0 0 0 0 0 0 0 0.824720089254371 28.5446595109584 16.3774248634332 7.42549426405708 6.16849802966287 4.90333801630611 4.85476906444521 5.17281010102544 6.27740102185909 7.51872248243476 8.58195018515372 10.0637101488834 12.292578403374 14.0479224072946 17.005159347566
0 0 0 0 0 0 0 0 0 0 0 0 0 0 0 0 0 0 0 0 0 0 0 0 0 0 0.893669033345345 33.4761931686675 19.5359335198348 8.72980355716886 6.6287699398631 5.79867431924596 6.00162376540773 6.71574764447919 7.73242000407366 8.75574001645536 10.4203902030926 12.0655684921835 14.4526066476924 17.392556611876
0 0 0 0 0 0 0 0 0 0 0 0 0 0 0 0 0 0 0 0 0 0 0 0 0 0 0 0.669180418878264 37.128476322208 21.8854706376943 10.3305382536452 7.6801680373885 7.13041989151816 7.46909978697926 8.46881300605386 9.12601817647246 10.2886419266207 12.6808141987528 14.2233477891814 18.122687666312
0 0 0 0 0 0 0 0 0 0 0 0 0 0 0 0 0 0 0 0 0 0 0 0 0 0 0 0 0.665639313309489 40.2717734912149 24.7632766559891 12.4770748871719 9.36747227667246 8.60168870569571 9.43053198947894 9.74548534188997 11.2633160537349 13.2877625423104 15.2530502909354 18.1774249505587
0 0 0 0 0 0 0 0 0 0 0 0 0 0 0 0 0 0 0 0 0 0 0 0 0 0 0 0 0 0.596705044540516 40.3584149935411 26.816133736775 13.4398738630513 10.5382790061497 10.0031419008342 11.1000629656134 12.0520400681483 13.8086100256979 16.3822332849035 19.5744634449083
0 0 0 0 0 0 0 0 0 0 0 0 0 0 0 0 0 0 0 0 0 0 0 0 0 0 0 0 0 0 0.363268248301882 37.0262484508886 27.9668136339339 15.0909513652814 12.2621689415796 12.0644501808989 12.6412615755239 14.4244500762258 16.7367783279557 20.1888668624201
0 0 0 0 0 0 0 0 0 0 0 0 0 0 0 0 0 0 0 0 0 0 0 0 0 0 0 0 0 0 0 0.266929823200158 32.6857223599601 30.1693634560111 17.5328753870199 14.6725485143333 14.6490735850501 15.4765626290584 17.3646203006808 20.1569538481612
0 0 0 0 0 0 0 0 0 0 0 0 0 0 0 0 0 0 0 0 0 0 0 0 0 0 0 0 0 0 0 0 0.116964732545036 28.5156381597302 32.5327668910139 20.9603987385457 17.1205574723149 16.611881458986 17.7392649536898 20.2001346585335
0 0 0 0 0 0 0 0 0 0 0 0 0 0 0 0 0 0 0 0 0 0 0 0 0 0 0 0 0 0 0 0 0 0.0772368790679965 22.955483731696 31.3156596414186 22.4956267458357 19.0229475127998 19.091011450002 20.7190845485302
0 0 0 0 0 0 0 0 0 0 0 0 0 0 0 0 0 0 0 0 0 0 0 0 0 0 0 0 0 0 0 0 0 0 0.0329816814116809 17.5102154396858 30.5369059565675 24.3204760863701 21.4329419450672 21.9872149061204
0 0 0 0 0 0 0 0 0 0 0 0 0 0 0 0 0 0 0 0 0 0 0 0 0 0 0 0 0 0 0 0 0 0 0 0.00674555746156412 13.9327198853697 30.1294195462246 25.7958307677978 25.0399326264699
0 0 0 0 0 0 0 0 0 0 0 0 0 0 0 0 0 0 0 0 0 0 0 0 0 0 0 0 0 0 0 0 0 0 0 0 0.00513703338672684 10.3157363078616 27.4888288384672 27.0200506770139
0 0 0 0 0 0 0 0 0 0 0 0 0 0 0 0 0 0 0 0 0 0 0 0 0 0 0 0 0 0 0 0 0 0 0 0 0 0.000180249652174783 7.01439099813492 24.4473901814762
0 0 0 0 0 0 0 0 0 0 0 0 0 0 0 0 0 0 0 0 0 0 0 0 0 0 0 0 0 0 0 0 0 0 0 0 0 0 0.000324674363711397 4.32716099936229
