0 0 0 0 0 0 0 0 0 0 0 0 4.54642440854616e-16 2.1975191282899e-09 1.60050360485482e-10 0.000484110892657708 0.000290375080887347 7.10071534565653e-05 0.00124882512970747 0.00165601239222362 0.0018185481810845 0.00458612261907794 0.00908266939712935 0.0117857801147609 0.0160702193564293 0.0210107981168718 0.0215804864056583 0.020276429863483 0.0242677791342783 0.0366086103840711 0.0426231599237482 0.0422736233059017 0.0447593189778369 0.0561996786562696 0.0588812541320787 0.0620872438984907 0.0750695484102354 0.0888373223849063 0.0924883331504184 0.117678067639994
0 0 0 0 0 0 0 0 0 0 0 0 1.70356488560658e-15 7.52909038173267e-09 5.65776081530192e-10 0.000962465909261394 0.000634499449306719 0.000185758271403859 0.00166590522920258 0.00290649774455906 0.00243980144482138 0.00489289276096266 0.011079571484301 0.0139899477374967 0.0217846257112882 0.0299939346494464 0.0297274033074103 0.0298227243682774 0.0332217077895877 0.0474292399756397 0.0581721373453697 0.0623220648399058 0.0625948445185945 0.0734296044263067 0.0787656152848241 0.0828995277318534 0.102718751186197 0.129499160672994 0.136583061379564 0.162071952681564
0 0 0 0 0 0 0 0 0 0 0 0 8.23183527064113e-15 3.1535004914868e-08 2.49073348133282e-09 0.00174026401181405 0.00131875782012169 0.000508396499242213 0.00174466324784718 0.00458622932334848 0.00465842938246794 0.00650899156113325 0.0134228355925391 0.0161878813007691 0.0272912072292133 0.0412596050695111 0.0406896033443212 0.0430163728933171 0.046701097334329 0.0635737208301595 0.078852523678194 0.0879239272132695 0.087378457902038 0.0973889925668786 0.109816121798744 0.113129454698397 0.142173010720685 0.188674500031516 0.200323964341993 0.223457875092274
0 0 0 0 0 0 0 0 0 0 0 0 5.37771526403579e-14 1.64017323455858e-07 1.40214494630626e-08 0.00258703494793744 0.00236778877516182 0.00136024444604842 0.00172861618868789 0.00630484735021974 0.00957461830583883 0.0108719564857521 0.0163714313995894 0.0186107425035287 0.0321339230184015 0.0506106812669146 0.0529442363619887 0.0613344691215339 0.0663979821105726 0.088806601454464 0.104341962878906 0.116205981245309 0.119024468286197 0.130459395980709 0.155099169824019 0.161179883450967 0.195921409551688 0.268390534332235 0.291569846731173 0.317842872272596
0 0 0 0 0 0 0 0 0 0 0 0 4.98363534376758e-13 1.05784114617542e-06 1.02485586567225e-07 0.00296979041034586 0.00337373217160973 0.00316771295342897 0.00318731427320348 0.00782459916343797 0.0165821346008384 0.0185216626917509 0.0232013966151385 0.0235796329571377 0.041740823195102 0.0591244827700906 0.0653874041463854 0.084638082418952 0.0935815926540721 0.118990067377985 0.136193705123434 0.150722425381887 0.159697353010974 0.179241857069461 0.21695753506243 0.237626559176714 0.27322602709048 0.375533904277122 0.427354092757618 0.470855465094711
0 0 0 0 0 0 0 0 0 0 0 0 6.82682175308222e-12 8.16924727712826e-06 9.62932376554517e-07 0.00278987467066067 0.0041979759968683 0.00552410337062558 0.00753557296472366 0.00965229711684478 0.0229563015999401 0.0281704545338573 0.0359980961573997 0.0355924042190448 0.0627380800226501 0.0798712246828763 0.0862342642223458 0.113660246401483 0.137178198518567 0.159276591205067 0.184054932078445 0.220767479529604 0.236310972970337 0.273064643545769 0.326048491090722 0.365088295000822 0.408112322327279 0.539334342756531 0.661968217369567 0.747441123028532
0 0 0 0 0 0 0 0 0 0 0 0 1.40914496119567e-10 6.88049926576947e-05 1.09759852754865e-05 0.00188293286193854 0.00535633338698053 0.00725093597731121 0.0133659152604663 0.0129100385746056 0.0286110640042914 0.0399467628244932 0.0527706201691132 0.0568109665493602 0.0871959144502053 0.121377827359902 0.12713427377585 0.165176451283924 0.212583055373415 0.249537380596842 0.280687954540218 0.365944276405854 0.407168411205553 0.470810396551901 0.564003479609353 0.611377833985825 0.701230149838897 0.864417335039571 1.11946354928423 1.32818958254578
0 0 0 0 0 0 0 0 0 0 0 0 4.28616308451295e-09 0.000527546705267421 0.000132690250125403 0.00156484965765781 0.00591759305063816 0.0114803794354623 0.019810959081679 0.0196358593304218 0.035021328761534 0.0576030841286403 0.0760386551962868 0.0919876793829911 0.106895227102715 0.181328373370869 0.192041351512272 0.265703863703996 0.347196477525644 0.428512392794834 0.475285769662553 0.615323202665666 0.739968910540755 0.843776525442692 1.03127698858172 1.09104501581742 1.29619148634216 1.59297369275651 2.01134954026096 2.46992958453937
0 0 0 0 0 0 0 0 0 0 0 0 1.7281670443813e-07 0.00273546625567224 0.00132632211252047 0.00636842574397964 0.00985744996952358 0.0198246633179545 0.0348145003647336 0.036226506575305 0.0476504324320828 0.0791085720709334 0.117328993527865 0.148083618386198 0.156030960592911 0.249116697736589 0.311239625848137 0.417418168409568 0.562331699571461 0.694206887730518 0.801666994556006 0.981474879174086 1.24509863288728 1.4102604525091 1.73195260143637 1.87792649868861 2.21391354801829 2.82010434247493 3.52654144967482 4.24450361201638
0 0 0 0 0 0 0 0 0 0 0 0 7.30584261905906e-06 0.00640915441482819 0.00753578650056992 0.0179927638541405 0.0248206419196406 0.0291409365124298 0.0537128227243787 0.0653170558400883 0.0772450775358079 0.113749566158409 0.168878530677978 0.211224922148108 0.248209651019787 0.339175388399484 0.478745747932657 0.632474584232015 0.833718038003869 0.990744226344408 1.2479295862021 1.50396638113773 1.76855231043327 1.98919610823023 2.42535549949081 2.77142246420633 3.29442411879279 4.22804279744437 5.44949611187016 6.5324831426547
0 0 0 0 0 0 0 0 0 0 0 0 0.000212317544841134 0.00463006356005674 0.0154800390609874 0.0261467740074321 0.0463422656839867 0.0486236851756595 0.0695336161888428 0.0806850565209798 0.108826470043226 0.176182050584877 0.249173962873577 0.302885395646944 0.354659940991671 0.496800563586931 0.660980042079375 0.88575336806629 1.18477613420401 1.4274620105294 1.71990127200405 2.12986145773608 2.45170974733551 2.66807538425769 3.10624585424803 3.71932073038142 4.307894769337 5.41002454799526 7.17534764742683 9.06100248254247
0 0 0 0 0 0 0 0 0 0 0 0 0.00226590640487954 0.00419297133133989 0.012614337204567 0.0241637016958591 0.0467609103348604 0.076716856338853 0.102996369539802 0.0983611421286189 0.14934603485295 0.232603249120866 0.339676609994197 0.467385780055397 0.559496051691744 0.776250149255592 0.948601966060932 1.19833106281714 1.59621236118272 1.97793866062905 2.37367358448339 2.72243015418664 3.23187066397428 3.81971375932978 4.15735183971282 5.11779312549906 5.74831064264429 6.89404279868826 8.70568008620681 11.5473937291405
0 0 0 0 0 0 0 0 0 0 0 0 0.00417021066678355 0.010720479300985 0.0244318526347479 0.0249470097904096 0.048046693507026 0.097800254386534 0.141852231400516 0.160574063858458 0.223285321030124 0.353303368915889 0.423532522965355 0.658147352700163 0.819267366785812 1.0546660724128 1.37925694643217 1.63950570444452 2.18009235668016 2.52112489817916 3.11739784038157 3.66081425965376 4.19179282332693 4.95591432272648 5.53551055888544 6.51743408318154 7.69642530261529 8.97165581172868 11.3819342100091 14.3610284672363
0 0 0 0 0 0 0 0 0 0 0 0 0.000555320961282918 0.0127961504637675 0.0271815869008008 0.0387971321189112 0.0569680140640486 0.113942531233665 0.149174924598023 0.195802970418261 0.292543633286061 0.487754797420868 0.605705997973403 0.884006822652482 1.15641331253979 1.3406513716127 1.7695966472146 2.19492532222635 2.67521887634099 3.2970291012782 3.66775635659318 4.48561086147725 5.07006426544587 6.05963068309775 6.91669527010656 7.62609886097262 9.36074121951429 11.0339495896117 14.2187649947413 17.6562039501667
0 0 0 0 0 0 0 0 0 0 0 0 6.55918677719435e-07 0.0018549027304474 0.022107724584857 0.0333244697513856 0.0798106753855881 0.120220467234672 0.154598739951935 0.169750133716538 0.32882278118796 0.550093828224795 0.691663356535497 1.11569391865374 1.3942708123436 1.62902361828732 2.02174610577296 2.71126412336452 3.37130192445847 3.85647131227266 4.63073185506749 5.27694632850598 5.67015055911648 6.66730573905805 8.08075735052975 9.44506769940373 10.3926265453886 12.7198312797806 15.8606621254663 20.4445093054369
0 0 0 0 0 0 0 0 0 0 0 0 7.13966552599269e-14 2.78523569299021e-06 0.00333832592076237 0.0529161641337605 0.0853049127568632 0.152266058252422 0.190890098278468 0.243412211931995 0.372381717114366 0.671236121205596 0.854288338314184 1.09937418396517 1.54587384450946 1.805104631575 2.42148643899432 2.76191832292823 3.84078063018327 4.54900145906428 5.28722285849162 6.07816824262917 6.42679981133488 7.10566367122949 8.79729178224874 10.4408603813252 12.2461702478661 14.2262122865812 17.3878824673936 21.9054890255639
0 0 0 0 0 0 0 0 0 0 0 0 0 1.85191324664645e-13 3.89318744494248e-06 0.00946356038433158 0.105658886241948 0.194854093905065 0.225597759354205 0.313111114325618 0.417198747472587 0.651788703114642 0.982784214010983 1.40572635278439 2.16629482674162 2.64886669063462 3.57739482757726 4.73501679209475 5.97052388506142 7.13469318781335 8.32922636003991 9.49461302233793 10.193204097156 11.2198538979307 12.6991295154653 14.4337410644048 16.8269623101924 19.7882817069287 24.0155829548347 29.9864438431496
0 0 0 0 0 0 0 0 0 0 0 0 0 0 2.53127260543848e-14 2.69217058313166e-06 0.016152917745482 0.215653996085288 0.307819970347575 0.298490387919858 0.526640401279116 0.572340425071476 1.00523044332609 1.51095747338147 2.20678031046592 3.2070125380281 3.91100547113115 5.20851884863555 6.81531132147885 8.13813759507868 8.98351746416305 10.3345006108639 11.0054500166463 12.4668133768779 14.1690493550795 15.7497141416522 17.9960533204443 21.6717221118791 25.8973472743302 32.7605873145943
0 0 0 0 0 0 0 0 0 0 0 0 0 0 0 1.5858844450929e-16 1.11610422801014e-06 0.0291487285604963 0.551727393117602 0.412427478425913 0.511050034070088 0.689297273510909 0.846460318499553 1.27295306177403 1.40817606361691 1.5421026158874 1.94792707430099 1.87922653624325 2.25056777154753 2.92473006132253 3.48849066467571 4.24912795071942 4.86853040447472 5.95097656733996 7.20370706883691 8.33512698870176 10.2555782572978 12.660852873151 15.7985221658898 20.0094470047194
0 0 0 0 0 0 0 0 0 0 0 0 0 0 0 0 0 2.96094585145427e-07 0.0715818572661128 1.10219623870054 0.641302575687396 0.806267638083054 0.777191811892397 1.20653251936327 1.32579373836422 1.35633731494068 1.37439592093388 1.70090758514411 2.02763682444718 2.59665342821856 3.39046044721197 3.9470054428646 4.58070778092532 5.24686632246682 7.06079289686487 7.90392746164223 9.36924010293527 11.6531454519248 14.9637755660471 19.1323991769164
0 0 0 0 0 0 0 0 0 0 0 0 0 0 0 0 0 0 5.82011188634094e-08 0.123283653644122 1.81961504570261 1.14126314337223 1.12486624767008 1.20829939564856 1.26703994844721 1.26508837846875 1.41045862176373 1.43863891279083 1.78245248608604 2.20719158803942 3.16714369051712 3.90903059405379 4.5683117580696 4.89587659150047 5.59411970712107 7.24578974390982 8.4487975846716 11.2809711685759 14.0510935774407 17.5662020996154
0 0 0 0 0 0 0 0 0 0 0 0 0 0 0 0 0 0 0 6.52306313636074e-09 0.15438095297323 2.8817287439288 1.63446474282582 1.5170295334809 1.76005040711976 1.45953982433857 1.60830741821539 1.8759003960441 1.72958295522083 1.90266362211451 2.28926651016087 3.43699586025981 4.13846325581307 4.93250919287167 5.5112918916769 6.56821204726356 7.78972577373803 9.87008287911707 13.1237305900525 16.8148342643616
0 0 0 0 0 0 0 0 0 0 0 0 0 0 0 0 0 0 0 0 1.48440661825952e-10 0.237307515714109 4.36954410858782 2.62386377190948 2.0745352558033 1.9489192051217 1.72915848217642 1.99280757194006 2.21456241549539 2.09078035756427 2.47290593137366 3.02409526318553 3.68546508741357 4.78045564924067 5.32340466908351 6.00702373588256 7.75386263471684 9.55832976893423 11.8707888700794 15.5207852141238
0 0 0 0 0 0 0 0 0 0 0 0 0 0 0 0 0 0 0 0 0 3.17645765444023e-12 0.273449526902877 6.20278592790221 4.32511753420602 2.77720151832184 2.48335671246948 2.14986970860164 2.14802617469688 2.08219165362525 2.20571849519801 3.14075044167012 3.8752924038539 4.06333581922752 5.05134218092808 6.23436885586818 7.66964450368615 9.67620391265542 12.0331877241578 15.0934572308106
0 0 0 0 0 0 0 0 0 0 0 0 0 0 0 0 0 0 0 0 0 0 6.35332830489673e-15 0.34656642811516 8.35462775836755 5.91948274271045 3.51997425624379 2.98494839414461 2.37430345674421 2.1774502994704 2.38180124939133 2.74099489555423 3.57667620387508 3.88890958064694 4.8632032765943 6.38329633495679 8.095553813758 9.46465330300835 12.0649363857114 15.4424567396922
0 0 0 0 0 0 0 0 0 0 0 0 0 0 0 0 0 0 0 0 0 0 0 5.19275117427179e-18 0.393739443974653 11.2349907480157 7.9719850903825 3.80409098499362 3.10811973857175 2.77368266090967 2.56086874034496 2.97399807918007 3.5133041274882 4.3246687104993 4.8570577398614 6.81422740977286 8.03245200874399 9.83597417993141 12.1148563038457 15.2875101147215
0 0 0 0 0 0 0 0 0 0 0 0 0 0 0 0 0 0 0 0 0 0 0 0 0 0.383519988952112 14.8684104206809 9.77531376607343 4.39038220063642 3.57106228724469 3.23554118291412 3.18405530232032 3.54294875876472 4.27985869005129 5.35053550295957 6.42194112813209 8.08558633133555 9.54791539955546 12.3005139732172 15.5316089473201
0 0 0 0 0 0 0 0 0 0 0 0 0 0 0 0 0 0 0 0 0 0 0 0 0 0 0.481631109841408 18.6323804532721 12.1741373788179 5.60611912644341 4.36580094169974 3.55477042025732 3.79468661922375 4.09829354193461 5.62378054542871 6.76604741912761 7.58728716185538 10.1455670399121 12.7560883983264 16.0755553264213
0 0 0 0 0 0 0 0 0 0 0 0 0 0 0 0 0 0 0 0 0 0 0 0 0 0 0 0.358094320713289 21.3986119464713 13.7344258772038 5.97815876783856 4.73616243148536 4.01941578814221 4.54418513410161 5.62755167027872 7.23647030618413 8.12528834409631 9.62282348262022 12.8618638858791 16.5393189165638
0 0 0 0 0 0 0 0 0 0 0 0 0 0 0 0 0 0 0 0 0 0 0 0 0 0 0 0 0.359716875275652 23.0999111686423 15.0192746080779 7.34723346711104 5.35491839950253 5.34094939738892 5.81021993415975 7.49495358987491 9.10274417767601 10.0007128708361 12.7829908591961 16.3493572329167
0 0 0 0 0 0 0 0 0 0 0 0 0 0 0 0 0 0 0 0 0 0 0 0 0 0 0 0 0 0.333877722872247 22.726060445105 16.6415554948948 8.60835586098354 6.41152503887788 6.78885215809433 7.10241138060365 9.02536441600552 10.7379297603553 12.7615209500619 16.2068399565053
0 0 0 0 0 0 0 0 0 0 0 0 0 0 0 0 0 0 0 0 0 0 0 0 0 0 0 0 0 0 0.191751091581664 21.8528602987489 17.557435145378 9.75991230959981 8.52420020264006 7.65294468258707 9.01062934414119 10.9661560893127 13.6117255783009 16.2464636200264
0 0 0 0 0 0 0 0 0 0 0 0 0 0 0 0 0 0 0 0 0 0 0 0 0 0 0 0 0 0 0 0.159195205417617 19.8379470292967 18.214127518707 11.0435873379575 9.7166312019956 9.05697513251055 10.9703394218926 12.7927446728034 16.5591117642782
0 0 0 0 0 0 0 0 0 0 0 0 0 0 0 0 0 0 0 0 0 0 0 0 0 0 0 0 0 0 0 0 0.0617057749719441 16.9625602341432 19.1385366002397 12.3783132776098 10.7679985181713 11.3540851120086 12.9617376969378 15.7429485139194
0 0 0 0 0 0 0 0 0 0 0 0 0 0 0 0 0 0 0 0 0 0 0 0 0 0 0 0 0 0 0 0 0 0.0386912503285433 14.0778882307993 18.8214892812314 13.5092773298094 12.1807839869939 13.0511051640819 14.5521067307622
0 0 0 0 0 0 0 0 0 0 0 0 0 0 0 0 0 0 0 0 0 0 0 0 0 0 0 0 0 0 0 0 0 0 0.0211160303878868 10.8156329431838 18.0311566470079 14.5603698846092 13.1828158336564 15.3420035003385
0 0 0 0 0 0 0 0 0 0 0 0 0 0 0 0 0 0 0 0 0 0 0 0 0 0 0 0 0 0 0 0 0 0 0 0.00653688803100773 7.70806208959264 16.2568728990463 14.9858009787346 14.006668922959
0 0 0 0 0 0 0 0 0 0 0 0 0 0 0 0 0 0 0 0 0 0 0 0 0 0 0 0 0 0 0 0 0 0 0 0 0.00142297493521819 5.4045095426663 14.8217746900456 15.2990565896706
0 0 0 0 0 0 0 0 0 0 0 0 0 0 0 0 0 0 0 0 0 0 0 0 0 0 0 0 0 0 0 0 0 0 0 0 0 0.00039847512285597 3.77573996314252 13.1872211806705
0 0 0 0 0 0 0 0 0 0 0 0 0 0 0 0 0 0 0 0 0 0 0 0 0 0 0 0 0 0 0 0 0 0 0 0 0 0 2.37709771337388e-05 2.19544342181944
