0 0 0 0 0 0 0 0 0 0 0 0 1.31113460345304e-07 1.69015326909399e-08 4.79693828594362e-07 0.000345505692921176 0.00158477755425723 0.00108740937269034 0.00224113180737093 0.00499502898198825 0.00497002845940275 0.00634790769896747 0.012256609305151 0.0146254448225048 0.0119654794485852 0.0155878959434241 0.0134584603840037 0.0170807631738632 0.0339474735258629 0.0384166289825419 0.0326255867593412 0.0373903747879825 0.0470025785896651 0.0523069944166189 0.0607378619634474 0.0616999135804153 0.076986346112006 0.0957704434383764 0.110489102000076 0.129378277492336
0 0 0 0 0 0 0 0 0 0 0 0 4.27186257201164e-07 5.71420953696612e-08 1.49748589643113e-06 0.00077728232127022 0.00255568028328052 0.00180744612032393 0.00358011957043345 0.00801033894394429 0.00806722270485657 0.00834702868314216 0.0137478749032304 0.0180269254132282 0.017152602486851 0.0217284468298555 0.0189640212542207 0.0238691276326666 0.0483617461115142 0.0542657457419235 0.046742040212845 0.0530516538065639 0.0688936565917979 0.0747354948245951 0.085995610930412 0.088197737653749 0.105851740353537 0.138330042763747 0.170443510031113 0.195555282286071
0 0 0 0 0 0 0 0 0 0 0 0 1.65183272163805e-06 2.34303329787102e-07 5.40839354461136e-06 0.00168041063444161 0.00386104938867427 0.00260264103026975 0.00505362542899767 0.0118665317802475 0.013176604786764 0.0117800778109887 0.0162710988036285 0.0244803738900125 0.0259228562778479 0.0312704999398399 0.0286822069677206 0.0333330101714034 0.0678188069781982 0.0750383586123887 0.0672155971845573 0.0765491165540059 0.0984466751232842 0.106979874246988 0.120894887308383 0.124080249291038 0.143724076994164 0.191330268948494 0.250657400440148 0.296016386311578
0 0 0 0 0 0 0 0 0 0 0 0 7.57107004348352e-06 1.17804803254472e-06 2.22332300219861e-05 0.00312448576254431 0.00593047401866572 0.00327321269315471 0.00624445692978296 0.015243960144179 0.0212340986927693 0.0181146904950993 0.0210129841688761 0.0353941274372323 0.0395018943000925 0.0444591892697203 0.0451701990736876 0.0487024656676364 0.0915153591458261 0.100101965702503 0.0901589786867246 0.104685751823239 0.132200847628912 0.148607870311212 0.16798917293722 0.169917357210877 0.189545995360641 0.25281575172782 0.338695842386674 0.427321187169893
0 0 0 0 0 0 0 0 0 0 0 0 4.00343015435015e-05 7.19954117586121e-06 9.88809020622538e-05 0.00420383977256685 0.00938319497325479 0.00449341127286714 0.00741169797168317 0.0155053771894199 0.0302687933636438 0.0287239248662489 0.029890887858417 0.0507127822200453 0.0595759660119628 0.0622555181317369 0.0698278042091083 0.0771722553026393 0.11937555562984 0.131921311768907 0.115298491073057 0.137961971786768 0.171813348811886 0.203607818945619 0.23483329001942 0.231837370185139 0.248644379573528 0.342731560963651 0.443615381047471 0.584105742447668
0 0 0 0 0 0 0 0 0 0 0 0 0.000227162566892974 5.10617636914424e-05 0.000426603564795291 0.00346972474925568 0.0127889036633478 0.00764296937671092 0.00995635572968085 0.0150545159686706 0.032873151580496 0.0406479389096532 0.0456052641882614 0.0717365069322952 0.0867862443885961 0.0870362379793255 0.104486203497515 0.123463804546918 0.160707508252027 0.184297833195437 0.168140464182409 0.197533439913682 0.239757775813328 0.289342363289057 0.344083742055092 0.33924891009296 0.357721944752101 0.524071860520942 0.651735298506619 0.825636371622814
0 0 0 0 0 0 0 0 0 0 0 0 0.00119784364998523 0.000376506693903706 0.00146528702300706 0.00347751443161495 0.0144441696971681 0.0137138249861287 0.0133014454781776 0.024566127453976 0.0339153644352915 0.0498766913274616 0.0703177156786625 0.102558796868594 0.114660956499044 0.11664267985275 0.15794670489868 0.189916060725009 0.235066712754402 0.29173959612063 0.304090567051839 0.337171230453343 0.40187209702711 0.459463015396835 0.553404621623474 0.574881358036917 0.618609300183599 0.895303040778331 1.12398988341069 1.35465211610517
0 0 0 0 0 0 0 0 0 0 0 0 0.00461317815675148 0.00235469585730042 0.00296922430262703 0.0101089179185957 0.0174558377073508 0.0222625105546105 0.0170665166874676 0.0455990031576286 0.0556518914673472 0.0724553580134038 0.110268805973514 0.154598953840136 0.147797632731554 0.164675007391759 0.246155489826337 0.311215635282148 0.380264793606583 0.500985397054139 0.59598270103133 0.628863902095119 0.743280061861015 0.837509322177786 0.946544186956922 1.06221753522183 1.19093406864285 1.58661943871338 2.00990418619614 2.47517158097221
0 0 0 0 0 0 0 0 0 0 0 0 0.00913469465146168 0.00903354975283469 0.00309325782807839 0.0189774255452494 0.027708959674641 0.0347996156609799 0.0316516405722863 0.0684827824383652 0.0983764728348496 0.123960044932246 0.178297813428092 0.247177602700271 0.229655125823757 0.280707005200594 0.39372715208026 0.529101821555263 0.661854638896253 0.789490126576587 1.05099669029576 1.07144033117609 1.23363714045161 1.47386650469314 1.57227732114315 1.7970962416312 2.07008807099654 2.66647901583435 3.2841690629889 4.19135080737559
0 0 0 0 0 0 0 0 0 0 0 0 0.00633431390284835 0.01402626078033 0.00565000333247892 0.013800835218114 0.0415416612373515 0.0578517555961631 0.0695969676407442 0.0996311980141206 0.135683006974636 0.174986749763681 0.248400649220021 0.331860014224609 0.372933624389639 0.449215339938588 0.580573544219182 0.77834452511183 1.02744123162614 1.1521890665346 1.43471759030604 1.60355170809931 1.73444468651173 2.16836220056845 2.46219330191163 2.6790990956147 3.04447506069579 3.86956730612222 4.8141142578266 6.01885834301837
0 0 0 0 0 0 0 0 0 0 0 0 0.00355947301834444 0.00944802918761119 0.0106325701847163 0.00988121725639812 0.0412682262835888 0.0838824552674688 0.127730438535018 0.159438116997769 0.194576262745626 0.245676513027906 0.332580773489492 0.382773666505434 0.496692340857439 0.647996994702109 0.846948136817678 1.02771211313448 1.35308922564312 1.70564359051308 1.7708965168596 2.10521922038782 2.43485458015351 2.87246245296785 3.49241677270948 3.83258520182538 4.2285662642156 5.09677063050506 6.61676506441091 8.12502476334149
0 0 0 0 0 0 0 0 0 0 0 0 0.00337967483616758 0.0156966937777929 0.016801174087861 0.0234021700404448 0.0461249235145016 0.0901537509466232 0.178302453392154 0.235263568126002 0.267764435234501 0.330301866667766 0.487392462726515 0.546380738872274 0.664992624204228 0.943606858903079 1.2395265163742 1.54781969962787 1.7660914121475 2.27593741592195 2.59101672018299 2.64814103472815 3.28397395959787 3.82321471283083 4.43175981449117 5.06416647010421 5.81001266518831 6.85290567471213 8.77291589815537 11.0095544635587
0 0 0 0 0 0 0 0 0 0 0 0 0.000353448508345893 0.015090268051873 0.0338358659626373 0.0417326668250732 0.0710453156434499 0.103942275575284 0.219451151365923 0.318028620160072 0.361705511850885 0.436144516221448 0.615165897025433 0.759777743651716 0.871301381208278 1.24281216024871 1.69746981426293 2.09295749977358 2.40550142368688 2.70392806161972 3.46878683980982 3.84347989971641 4.23883254063918 4.97821729158919 5.43837116925481 6.36151841590278 7.49860079542509 8.99871946410135 11.3199810694292 14.2978285420539
0 0 0 0 0 0 0 0 0 0 0 0 5.3740411776029e-07 0.0143377344788478 0.0478481604050013 0.0678536246122981 0.0827726769456232 0.116941675820182 0.198309289276028 0.365574518998997 0.447152832701281 0.647221736551769 0.857362333362592 1.07975712745664 1.20852873055153 1.40116438169729 1.93451691741657 2.41846016974751 2.89897013532642 3.23614434342617 4.01424995253955 4.77035579865611 5.38467664893966 6.15218187330885 6.77683933969839 7.6744233549139 9.03444770025648 10.9224405674829 13.3279309381309 17.3506032112334
0 0 0 0 0 0 0 0 0 0 0 0 2.66280393879717e-13 0.00313725562756157 0.0726703562307354 0.106828887563334 0.131903060864259 0.158321607279775 0.232520939481508 0.388073470842795 0.572815791194729 0.734216212458985 0.969313089117952 1.29854573140896 1.65612620618439 2.09139301604343 2.20485534680571 2.72860025986493 3.20687096324365 3.95156932653151 4.62464289841484 5.58238535626257 5.87659027464739 6.67196379841073 7.72839329193774 8.6516090165522 10.3790781964972 12.406116706044 15.3072955689044 19.514273513145
0 0 0 0 0 0 0 0 0 0 0 0 0 1.11710703178485e-05 0.0177399873447266 0.180991423259237 0.197047336810614 0.190932161993983 0.300254811420861 0.389742120035496 0.618435058002871 0.903575835307342 1.10261393256294 1.31523799437677 1.84122530516564 2.28095945127261 2.76626238917461 3.02760474412259 3.88954060389343 4.42002165330587 5.29342468981273 6.3414576749728 6.96163124529088 7.03925901328447 8.47998154956799 9.63937268504588 11.4308226651878 14.0035994297292 16.7873987415511 20.9617991743792
0 0 0 0 0 0 0 0 0 0 0 0 0 2.54490457504486e-12 2.33827190970964e-05 0.0354973174512772 0.330906935565838 0.285506736725958 0.266309787657651 0.371448360939459 0.464833164480313 0.804902932316028 1.25320060759879 1.75281761039 2.43944994976884 3.37272106739544 4.12776879996976 5.16053982791072 6.66851794127177 7.86334875192153 8.73183932295265 9.53764034663069 10.9374412804534 11.2388881284796 12.2111069279765 14.2218542639769 16.150094172856 19.2237594320049 23.313301578007 28.3392984458027
0 0 0 0 0 0 0 0 0 0 0 0 0 0 1.52730833298042e-13 1.10322415993088e-05 0.0497159411938354 0.541917537654101 0.433692920354449 0.434910697158673 0.608199175958418 0.859001038315959 1.19758171723524 1.87342588984518 2.65464868152003 3.59096800494544 4.3255404523185 5.60986334183013 7.33709192442497 8.74256924946409 9.79324077569257 11.1744396219729 11.7456314031155 12.6861368646453 13.3437653368328 15.8536068888716 17.7226645293833 20.2492457237344 25.1354350108314 31.116855737036
0 0 0 0 0 0 0 0 0 0 0 0 0 0 0 6.48950432235272e-16 3.2169489801947e-06 0.0695427790181128 1.06410195934068 0.718069275974105 0.78967855931401 0.913948981875357 1.04856040857231 1.32740401304948 1.78871812899649 1.82229760310595 2.03117841792081 2.00153657859671 2.53473652771413 3.22476144179116 3.7603853183893 4.48521172859143 5.41046533413802 6.33871143212044 7.19306872377836 8.28599898057409 10.359914537219 12.0351049304928 14.4269422885294 18.5892336097658
0 0 0 0 0 0 0 0 0 0 0 0 0 0 0 0 0 6.83678655177995e-07 0.123345839289114 1.82262343350336 0.975444451404511 1.07021432068475 1.18675349447422 1.38481948789137 1.64350232952389 1.6866951430855 1.9975993178878 2.10675295812258 2.19561906926175 2.73308649017898 3.81288268144518 4.40606587671077 4.49639373611865 5.19181609596139 6.22243856258305 7.76379595985051 9.68195479760689 11.5345073344535 14.4542088621055 16.7921548190285
0 0 0 0 0 0 0 0 0 0 0 0 0 0 0 0 0 0 1.00955285914773e-07 0.202968491909829 2.73366818244365 1.46573651817713 1.53210178382912 1.66976919155594 1.7832343925916 1.79619401719768 1.75103955419115 2.02691047240122 2.07133510040706 2.36435098032245 3.11276148738633 3.90590196003073 4.66883036261576 4.94715347304099 5.85397504791181 7.26715690532201 8.72414509511905 10.3672965439176 12.7126759231186 16.4526170749013
0 0 0 0 0 0 0 0 0 0 0 0 0 0 0 0 0 0 0 1.07322650512884e-08 0.23935330809205 4.02090337395889 2.13384949009064 1.95766517113511 1.86344557079209 1.88006023201556 1.83839515316453 1.91432060775168 2.01073790643364 2.12631873346942 2.76536098404976 3.47880879156215 3.62056614431473 4.61301520433785 5.51998423240675 6.71082507855458 7.89805086804914 9.15272412320411 11.6583527440741 15.2151541352091
0 0 0 0 0 0 0 0 0 0 0 0 0 0 0 0 0 0 0 0 2.26866749482972e-10 0.328203373179408 5.62257520480902 3.47109339755492 2.39784807817633 1.98311075171784 1.95101823770478 2.15637392014666 2.12454656517494 2.44988820580741 2.48312520303278 3.27347405725012 3.63293776892944 4.40503058264504 5.26422488659266 6.22883249745114 7.35877752029045 8.86141811241628 11.1479737101433 14.4070444445917
0 0 0 0 0 0 0 0 0 0 0 0 0 0 0 0 0 0 0 0 0 4.52233732883506e-12 0.346981042708159 7.67959779150708 5.19182394951872 3.27647945287949 2.58603303668982 2.4252822608542 2.27008258714125 2.26152933836205 2.61373106936014 3.0516978955685 3.46705684690324 4.05018365489729 5.34878560705538 6.36432190503433 7.3503183965363 8.85324910540337 10.7230839548618 13.9264933562848
0 0 0 0 0 0 0 0 0 0 0 0 0 0 0 0 0 0 0 0 0 0 7.85326839817852e-15 0.436495295372418 10.0051823194264 6.41895246250777 3.88508404577703 3.02092465367811 2.45179315808546 2.21682263899511 2.65325244397932 2.83681373921032 3.52105116191221 3.95539297625193 4.98816703074656 5.96723656498505 7.42670737575743 8.91471684513301 11.1951155650036 13.6593933863887
0 0 0 0 0 0 0 0 0 0 0 0 0 0 0 0 0 0 0 0 0 0 0 6.53999700781904e-18 0.507759566114897 13.5681383176744 8.71727755684617 4.36768992299064 3.37430469914934 2.77234285407864 2.7265988642829 3.152351840748 3.60251338056434 4.59921123307639 5.14942992761922 5.85805063331223 7.12631987829244 9.29647105538539 11.7384278570342 14.7737563638119
0 0 0 0 0 0 0 0 0 0 0 0 0 0 0 0 0 0 0 0 0 0 0 0 0 0.488640885492377 17.4495087820528 10.983314513499 4.99633084060064 3.82424568424047 3.45398645837047 3.31743683178 3.73880314919118 4.51779363751871 5.40537289531495 6.03419437585008 7.22395128955128 9.16130902873687 11.5509170280383 14.9717960109175
0 0 0 0 0 0 0 0 0 0 0 0 0 0 0 0 0 0 0 0 0 0 0 0 0 0 0.536539838879498 20.8635804215093 12.9790089496401 5.56840027836319 4.77377975009968 4.36931915085126 3.88294145825664 4.40481914722324 5.61491905077407 6.56429707836967 8.15300070301834 9.22542324402704 11.4834133402972 15.0770371552015
0 0 0 0 0 0 0 0 0 0 0 0 0 0 0 0 0 0 0 0 0 0 0 0 0 0 0 0.403305009133711 23.6368463193144 14.650072167824 6.67725649753892 5.33090269256112 4.80673134533817 4.68973442161539 5.52267830126347 7.05141875057674 8.04212885203016 10.1462548017188 11.281520840361 15.0310941092769
0 0 0 0 0 0 0 0 0 0 0 0 0 0 0 0 0 0 0 0 0 0 0 0 0 0 0 0 0.423302656292144 25.923414101064 16.4178254772022 8.01404002921404 6.00036825299329 5.52172963717507 5.9268505815983 6.88699281847722 8.12307672877793 9.83297205866651 12.5750323548763 15.0677999688575
0 0 0 0 0 0 0 0 0 0 0 0 0 0 0 0 0 0 0 0 0 0 0 0 0 0 0 0 0 0.392684509336991 25.7315265851773 17.9401385577446 8.59554576963525 6.8690834838266 6.84752975919473 7.81750778037772 8.5970148090958 9.98960747195717 12.266817181564 15.8734464582526
0 0 0 0 0 0 0 0 0 0 0 0 0 0 0 0 0 0 0 0 0 0 0 0 0 0 0 0 0 0 0.211889045810402 24.504894292505 19.3830453336003 9.91324885425115 8.09694923737072 8.35480684901181 9.59258669613197 10.4954346323573 12.445732731399 15.409482985336
0 0 0 0 0 0 0 0 0 0 0 0 0 0 0 0 0 0 0 0 0 0 0 0 0 0 0 0 0 0 0 0.172630969003468 21.6856200862085 19.5499236365869 11.375123010785 9.67834404691 9.90268824452984 10.974705966116 13.276170972646 14.8831648996954
0 0 0 0 0 0 0 0 0 0 0 0 0 0 0 0 0 0 0 0 0 0 0 0 0 0 0 0 0 0 0 0 0.067740925413617 17.4783547960938 20.3098176603562 13.5506439079303 10.9424368336438 11.1205454905293 12.5866787490255 15.1566690651859
0 0 0 0 0 0 0 0 0 0 0 0 0 0 0 0 0 0 0 0 0 0 0 0 0 0 0 0 0 0 0 0 0 0.0396302597775337 15.0222701405438 20.7049873715647 14.3575676168652 11.8378313701234 13.1105674524351 14.750997638951
0 0 0 0 0 0 0 0 0 0 0 0 0 0 0 0 0 0 0 0 0 0 0 0 0 0 0 0 0 0 0 0 0 0 0.0275529763344971 11.988314646682 19.8227031482772 16.0043893271259 13.7288871243447 14.6744747342668
0 0 0 0 0 0 0 0 0 0 0 0 0 0 0 0 0 0 0 0 0 0 0 0 0 0 0 0 0 0 0 0 0 0 0 0.0055792024902057 8.49518802045448 18.5883514519792 17.3000511583856 15.7052689518063
0 0 0 0 0 0 0 0 0 0 0 0 0 0 0 0 0 0 0 0 0 0 0 0 0 0 0 0 0 0 0 0 0 0 0 0 0.00288790418475679 6.08407910985104 16.5149318961344 16.4511190939064
0 0 0 0 0 0 0 0 0 0 0 0 0 0 0 0 0 0 0 0 0 0 0 0 0 0 0 0 0 0 0 0 0 0 0 0 0 0.000447241837121235 4.09971937375525 14.4335486438203
0 0 0 0 0 0 0 0 0 0 0 0 0 0 0 0 0 0 0 0 0 0 0 0 0 0 0 0 0 0 0 0 0 0 0 0 0 0 1.1093208189718e-05 2.65230903532989
