0 0 0 0 0 0 0 0 0 0 0 0 1.24088322410439e-13 0.000501657323154941 0.000346197945188545 0.000441641192464806 0.000225699503681267 0.00259705329853708 0.00191743442980316 0.00288810014244744 0.00384838266594379 0.00320779261105138 0.00563733787848392 0.00863157947583922 0.00971250067089264 0.0106924154378341 0.0152529942861061 0.0159401185697733 0.0191974450985406 0.0263025062678609 0.0355243647418228 0.0425763590779734 0.0402719185252717 0.0379142211532076 0.0471254604598857 0.0485622416333 0.0570202110371576 0.0743279879092222 0.0787849026276556 0.0957521485759543
0 0 0 0 0 0 0 0 0 0 0 0 4.55031708281863e-13 0.000990883658202608 0.000769857412341803 0.000975817098783544 0.000539898373148379 0.00433961349781915 0.00361135429877382 0.00264515896116009 0.0036149985803258 0.00537791690047892 0.00718051214265803 0.0114892294480152 0.0155144313006011 0.0167056751383999 0.0210459344603577 0.0238075100856659 0.0290173198023963 0.0348265474274879 0.0458115755590267 0.0597167403715574 0.0594691830229902 0.0553620350615201 0.0632292011109671 0.0672962278825985 0.0764205052027848 0.0974146546098913 0.108885733230723 0.131717029792072
0 0 0 0 0 0 0 0 0 0 0 0 2.12407739519133e-12 0.00177442500199919 0.00165238502601163 0.00206306234566234 0.00128615303516518 0.00624121867015356 0.00618879000678869 0.00318928424614064 0.0044511488445688 0.00940918346071566 0.011740981239688 0.0181791638511094 0.0252135558137516 0.0270943327452218 0.0295282943595213 0.0348953605816401 0.0442907141322247 0.0472067134718833 0.0573092008845701 0.0787134327546919 0.0854558756146578 0.0782889471161056 0.0823047166933318 0.0900455706912655 0.109315180212701 0.135312273108286 0.155671776507954 0.18528743363717
0 0 0 0 0 0 0 0 0 0 0 0 1.31297427815127e-11 0.00260462672429788 0.00314180767546314 0.0037732091349695 0.00278846006477128 0.00712072665651045 0.00901629573797524 0.00483656825379846 0.00627870980458208 0.0151986564086686 0.0196863286382861 0.0294211911170999 0.0400878879654533 0.0418503924064096 0.0411378212620575 0.0507835653855619 0.0684786822483759 0.0709787837967425 0.0747084438950406 0.0964052165961659 0.113143809262794 0.107852415551351 0.10821774639184 0.118974918844205 0.155723644712177 0.190784307320098 0.220861846004263 0.26136245510369
0 0 0 0 0 0 0 0 0 0 0 0 1.11383102043355e-10 0.00296025353393492 0.00481301246455415 0.00523770419070013 0.00479058374372019 0.00634206072566612 0.0108347441058212 0.00868628465170826 0.00917094991020411 0.0221602884941963 0.0309298611598353 0.0412790529635411 0.0593233024034194 0.0612848030486951 0.058485405490064 0.0732180410207852 0.102388620729733 0.112626033835784 0.111426287988357 0.117125135375391 0.140524277609757 0.148210266191494 0.151017669893702 0.167326718179783 0.219682493603219 0.265196202654421 0.306142251652064 0.381709201860322
0 0 0 0 0 0 0 0 0 0 0 0 1.32524092576358e-09 0.00279146313013296 0.00560238259210051 0.00510533403030662 0.00560939119427121 0.00543618852029333 0.0113648477685222 0.0142727857878395 0.01386165340779 0.0279843514704738 0.0487311338834142 0.0544619730772535 0.078397270274663 0.0884843979294267 0.0925047158669118 0.109299952671569 0.144188799824648 0.167125487246676 0.184617762359196 0.167646297812204 0.187940647498788 0.222980216690995 0.23585193355749 0.259594430884044 0.332379252861233 0.391328182197858 0.444148358201125 0.605674060684536
0 0 0 0 0 0 0 0 0 0 0 0 2.18804450108114e-08 0.00188501074195977 0.00466237122224288 0.00413295886160354 0.00461183388952342 0.0062826119171233 0.0117970041796476 0.0207274769371439 0.0237059323420854 0.032119152705241 0.0725175719127251 0.0899179816007741 0.105672834289114 0.130281867215272 0.163169703375558 0.179281180869787 0.204420824874166 0.238183439829419 0.297310511661321 0.296634065558145 0.303430168578685 0.380476078928287 0.425427811998625 0.451343474653173 0.547701473277459 0.653383663569128 0.748820243061388 1.03234731027562
0 0 0 0 0 0 0 0 0 0 0 0 4.68569880964203e-07 0.00134711321843413 0.00394399447726372 0.00492235165162258 0.00396317829617278 0.00821145134270755 0.0134690895998776 0.0315796789891236 0.0524998264609815 0.0529431820379526 0.0954728237360384 0.15015768266467 0.164617635793418 0.193875154560508 0.268888636471816 0.313509539817521 0.330123362326138 0.379185935018285 0.471147021069493 0.525152237493863 0.550994809193631 0.65357743529622 0.787484321449243 0.868501894375087 0.948784407516928 1.15185605082134 1.37118413140744 1.85062663712932
0 0 0 0 0 0 0 0 0 0 0 0 1.09845658285306e-05 0.00408504291288169 0.00988085216916941 0.0101989524128286 0.00589869602188701 0.0100289731668024 0.0209620721060231 0.0447491791508383 0.10132744204529 0.121189093096069 0.140972875207241 0.196917418086373 0.24196673056481 0.296885613932283 0.378155645361507 0.475548744296899 0.560742648486519 0.649380265012731 0.767750997603279 0.821691318060987 0.938279260790153 1.08878320670362 1.30362614853969 1.53983113656827 1.6452070939567 1.96435777783154 2.35519901604356 3.11069858610456
0 0 0 0 0 0 0 0 0 0 0 0 0.000205412716908454 0.00627424823220454 0.0194426286990916 0.0183734021483543 0.0112675184606275 0.0180535623414777 0.0361322953716069 0.0574907743823547 0.126288690239359 0.211383680233081 0.242338358853655 0.254674448088089 0.291665463655025 0.428475934119566 0.541957299962936 0.620756251169815 0.82433802410916 0.974924103055755 1.16775285463782 1.19626325834232 1.30941616473511 1.60727414859659 1.89122531495134 2.23460657926997 2.45727765327298 3.00552832231581 3.67146896029129 4.54963760638429
0 0 0 0 0 0 0 0 0 0 0 0 0.0018508316840747 0.00248768496384002 0.0161352439904425 0.0217790996830683 0.0216639859855201 0.0401321943457406 0.0586333763430467 0.0840549257682507 0.144280679398992 0.259214357320997 0.351595561437074 0.373696909671284 0.355295662111794 0.532935624803342 0.776265665812473 0.85571296703846 1.1531678200887 1.35437590649511 1.58641495858866 1.72504885148114 1.70884270186499 2.02589689979282 2.4162276585339 2.81823786479941 3.20583806785259 3.99047195201001 5.19701594004562 6.4001624282151
0 0 0 0 0 0 0 0 0 0 0 0 0.00410839264759022 0.00607202713875976 0.00728830555643695 0.0225819146949428 0.0306803973015203 0.0625006794295947 0.0868906128820646 0.132973548463821 0.18893034598853 0.273650187971326 0.463192236263138 0.472748707935813 0.526597290974609 0.645795634373496 1.01877225117216 1.22288450849129 1.5839526871843 1.90507844227715 2.0066421331916 2.38717001523811 2.40569322301216 2.69922499984228 3.12996730897462 3.67779779190157 4.18671044960303 5.25180812363824 6.61911501407406 8.52589524720313
0 0 0 0 0 0 0 0 0 0 0 0 0.00102888965594013 0.0125112897080364 0.011547206696373 0.0303931775524953 0.0580018368622919 0.0740633315143486 0.104759219494145 0.157472548067224 0.277607410236073 0.34883007394052 0.560920090805365 0.65267915197956 0.748362514608807 0.891594790540207 1.31730277352331 1.66277978661358 2.12082821005087 2.60273139440247 2.58489615491122 2.91559084579649 3.30587259126257 3.66034552255668 4.34669882849941 4.65651880536383 5.6125759622569 6.85824821056079 8.58178080727507 10.458558256617
0 0 0 0 0 0 0 0 0 0 0 0 6.75647599879047e-06 0.0130382824207152 0.0270234373471432 0.0395668203713354 0.0815695519091789 0.0887628661597083 0.169998438352508 0.206840562788671 0.34491216500734 0.541921615050218 0.701608195796812 0.850244413310674 1.02338319608325 1.31744949943982 1.64015364126064 2.21607737580479 2.50470847993549 3.23360722602693 3.46033435700985 3.73921895173419 4.34554433556165 4.62252669129216 5.48394618104239 5.98024376129837 6.73914906872544 8.40781171065858 10.4443517884694 12.7350145433826
0 0 0 0 0 0 0 0 0 0 0 0 4.00484315653155e-11 0.00355381557158588 0.0678765177733497 0.0815883073452008 0.0714644041745039 0.108141265537015 0.187843359774494 0.304467657680025 0.422395734133182 0.671107368747935 0.855649514514957 0.958384570379768 1.2774892421995 1.59572296094238 1.85656231349663 2.35035075803527 2.93320451580909 3.36119253210691 4.21931627152505 4.63454432594567 5.02406806734145 5.33498068604049 6.05075509085225 7.16734720662516 8.02153008056388 9.80935946745204 12.1245687228054 15.1250577616839
0 0 0 0 0 0 0 0 0 0 0 0 0 1.17539003915822e-05 0.0184974797608745 0.135390857901587 0.132242733511996 0.109974421003229 0.219100387266517 0.350928077579396 0.439666097011263 0.764695058033665 0.976051165423132 1.18234910828676 1.50184182400302 1.77160258424752 2.27645970075973 2.76061771609157 3.27963881301532 3.58982975866809 4.4006714878117 4.93539956538551 5.07771742203762 5.53597329724856 6.21736598800545 7.65294820915708 9.02569313264368 10.7616398496744 13.4697135775932 16.4864992320457
0 0 0 0 0 0 0 0 0 0 0 0 0 2.55348405029034e-12 2.48507808778467e-05 0.019296735101288 0.237329467865906 0.187308480918209 0.214956674502889 0.357976526090772 0.535556949961524 0.743573627504721 1.07283939371599 1.59213454714005 2.14963289978856 2.58403352452684 3.27872183592414 4.9754384931546 6.03519163257841 6.58846131701014 7.31477610838307 8.56246189757143 8.51126612969611 8.71158141837127 9.61051238516823 10.7337077514071 12.3139651084999 14.059497525472 17.7492709929419 23.0722130965408
0 0 0 0 0 0 0 0 0 0 0 0 0 0 1.59237463176393e-13 5.58430396653886e-06 0.0408147937203863 0.581253053947456 0.379607612476194 0.421956128722816 0.620336586307895 0.850130861409851 1.24127819309318 1.70888660913323 2.32240031700011 3.02877881752082 3.63576063021191 5.08193604795529 6.76148234278735 7.80407962680576 8.59539845683874 9.57729316494988 9.765049733935 10.1147338514611 11.0892144241277 12.0740881311153 13.5177433948052 15.0073909518918 18.4838783600747 24.4206716832265
0 0 0 0 0 0 0 0 0 0 0 0 0 0 0 3.27181000352748e-16 2.92058681006104e-06 0.0968951062379928 0.948618229156257 0.619277795822934 0.652244951181288 0.95048721536986 1.11892629999098 1.36405851965453 1.53563138520615 1.68438848285369 1.81199392563174 1.98618114983102 2.34578750119302 2.89822729664517 3.52834885539099 4.12687810802304 4.61770475401995 4.74781308737391 5.70012236187567 6.41351244932204 7.77584119876615 9.62408124104733 11.3259067029099 14.359919417241
0 0 0 0 0 0 0 0 0 0 0 0 0 0 0 0 0 1.07395821572879e-06 0.102907729933489 1.41685599839331 0.847732285814757 0.940894747336008 1.11225868468553 1.27217244840805 1.45711796800802 1.68165784373379 1.83045278179931 1.75519150368979 2.23165974345943 2.39558319606018 3.01474539507552 3.50843329470019 4.04037938476531 4.56827922707661 5.19512398850197 6.27711509294998 7.28278678428515 8.68966761245439 10.8229517946015 13.4006011674257
0 0 0 0 0 0 0 0 0 0 0 0 0 0 0 0 0 0 8.50131379911055e-08 0.157026854357419 2.46438647436367 1.48406300561304 1.46499128626912 1.35548687996913 1.4278814942812 1.6377362024704 1.76260865772072 1.85366459044821 1.64325354140944 2.14802919212756 2.57566492630655 3.11298907859572 3.75327032466967 4.14923558445528 5.05619144768258 5.71030435941436 6.72675013376006 7.74248783817906 9.33594804714707 12.8998064872193
0 0 0 0 0 0 0 0 0 0 0 0 0 0 0 0 0 0 0 8.37771019936756e-09 0.233799407404892 3.87555876201071 2.3968088766591 2.0701478206677 1.79762364980593 1.74270158462429 1.7940622979851 1.62928221596101 1.86804516682219 1.87621934386975 2.18591136332394 2.5299324351215 3.04642323877349 3.81962130644054 4.41332096213235 5.30812230626014 6.11397480085829 7.40326466741788 9.08374808173228 12.3545148557518
0 0 0 0 0 0 0 0 0 0 0 0 0 0 0 0 0 0 0 0 2.34757863854654e-10 0.305853358843815 5.48401731469429 3.48605308022559 2.49527511553636 2.31785061237808 2.06541596332074 1.90307344576035 1.89571424861594 1.91559347774178 2.29656464248018 2.43579368661281 2.95739765485655 3.44789941575707 4.400492004793 5.00778177990805 5.83917278515565 7.40000654668764 9.28495108824339 11.5252113934255
0 0 0 0 0 0 0 0 0 0 0 0 0 0 0 0 0 0 0 0 0 4.21582470794197e-12 0.340068383940178 7.66530116258058 4.70543043092048 2.97254010277022 2.43047948831352 1.91818842936096 2.16887416125258 2.20191407443834 2.198739546518 2.75921448931986 2.97924458676652 3.65590744843 4.21385553069933 5.11827142124092 5.75184474926492 7.1378148453586 9.45048639863295 11.9363299565593
0 0 0 0 0 0 0 0 0 0 0 0 0 0 0 0 0 0 0 0 0 0 7.9704405478347e-15 0.445580347181818 10.1536330451781 6.31273682061712 3.55657281655565 2.48385541944914 2.33820979463156 2.33165562555178 2.41571003229198 2.64857176425772 2.65779594842703 3.38286488386566 4.11833358590433 5.08697414086683 5.84927426649003 7.22041205307325 9.10617936690129 12.1162424009873
0 0 0 0 0 0 0 0 0 0 0 0 0 0 0 0 0 0 0 0 0 0 0 6.65145847080856e-18 0.519695032931184 13.4022426767032 8.53718596627477 3.84125207101155 2.92517466722982 2.77914292285742 2.70893298496012 3.02085401766291 3.15207533277424 3.21732214934324 3.85332647577426 4.77961578661845 6.08026232233052 7.542918636346 9.50936217698958 11.7557827336446
0 0 0 0 0 0 0 0 0 0 0 0 0 0 0 0 0 0 0 0 0 0 0 0 0 0.479365264938713 16.662779293862 9.97732227828208 4.47914315774953 3.38643940371281 2.90297563613763 2.95559449961032 3.12114470892899 3.43357203879575 3.85645025951256 4.78553802475591 6.29613344797096 7.70596560859515 9.42655470893796 11.7590228450121
0 0 0 0 0 0 0 0 0 0 0 0 0 0 0 0 0 0 0 0 0 0 0 0 0 0 0.505523934765698 19.7158758570646 11.1779401426093 5.20089972502929 3.81191960245236 3.34487217871197 3.26346302362512 3.64106275704352 4.16355135534729 5.00874023874817 6.19900053367523 8.11724582682251 9.91917073628768 12.1305996186669
0 0 0 0 0 0 0 0 0 0 0 0 0 0 0 0 0 0 0 0 0 0 0 0 0 0 0 0.418535331398607 22.0132124575624 12.6708797019794 6.25721011151856 4.63231119096015 4.01301722680295 4.27454215576584 4.55939286117694 5.18744850426097 6.35303234522758 8.26947507469738 10.4923491630469 12.7455302155209
0 0 0 0 0 0 0 0 0 0 0 0 0 0 0 0 0 0 0 0 0 0 0 0 0 0 0 0 0.402036157218028 24.2689028751381 14.8762373755243 7.01125508073381 4.95765351783244 4.78497763956885 5.28597986113828 5.7371290000006 6.31684510657751 7.75530471591031 10.0544901893774 12.5156504865321
0 0 0 0 0 0 0 0 0 0 0 0 0 0 0 0 0 0 0 0 0 0 0 0 0 0 0 0 0 0.402499764825878 24.3964005694945 16.2616972007935 7.22029117936453 5.68056945972913 5.59984342577305 6.37614533283119 7.13378536708394 7.64933059653401 9.90515027313482 12.464550267382
0 0 0 0 0 0 0 0 0 0 0 0 0 0 0 0 0 0 0 0 0 0 0 0 0 0 0 0 0 0 0.204787574828266 21.7095163062681 16.7647049589176 8.13168037262532 6.96078114578417 6.56532825939528 7.7776479112833 8.49642459704781 9.92143577441043 12.7322143445164
0 0 0 0 0 0 0 0 0 0 0 0 0 0 0 0 0 0 0 0 0 0 0 0 0 0 0 0 0 0 0 0.146767089187933 18.4387606547709 16.7253540344531 9.90285319342815 8.09501324830055 8.05126114072642 8.92754438932245 10.2037403469256 12.3639072800017
0 0 0 0 0 0 0 0 0 0 0 0 0 0 0 0 0 0 0 0 0 0 0 0 0 0 0 0 0 0 0 0 0.055520328244401 15.3354323341504 17.350586908848 11.8337583541589 9.44205792325475 9.36997131841534 10.1725779417018 12.2489068395719
0 0 0 0 0 0 0 0 0 0 0 0 0 0 0 0 0 0 0 0 0 0 0 0 0 0 0 0 0 0 0 0 0 0.0372520942245883 13.1896974977308 17.9957393679061 12.7754152325362 10.6604111667158 10.3455909105918 11.2696066641142
0 0 0 0 0 0 0 0 0 0 0 0 0 0 0 0 0 0 0 0 0 0 0 0 0 0 0 0 0 0 0 0 0 0 0.0233488640031637 10.2688588276333 16.5654441866265 12.6673414795132 12.1101975003528 11.9877463677347
0 0 0 0 0 0 0 0 0 0 0 0 0 0 0 0 0 0 0 0 0 0 0 0 0 0 0 0 0 0 0 0 0 0 0 0.00347466876648743 7.2897250815048 15.5137734435995 13.1374144670483 12.2796609000196
0 0 0 0 0 0 0 0 0 0 0 0 0 0 0 0 0 0 0 0 0 0 0 0 0 0 0 0 0 0 0 0 0 0 0 0 0.00270340507292306 5.10730861095679 13.7727813656118 13.3421289643806
0 0 0 0 0 0 0 0 0 0 0 0 0 0 0 0 0 0 0 0 0 0 0 0 0 0 0 0 0 0 0 0 0 0 0 0 0 0.00033538021067253 3.69790602540824 12.7040892434612
0 0 0 0 0 0 0 0 0 0 0 0 0 0 0 0 0 0 0 0 0 0 0 0 0 0 0 0 0 0 0 0 0 0 0 0 0 0 0.000106449696833067 2.2726518739529
